10, 500, 1, 1, 1, 1942.8093639702674, 1942.8093639702674, 1942.8093639702674
10, 500, 1, 1, 1, 1942.8093639702674, 1942.8093639702674, 1942.8093639702674
10, 500, 1, 1, 1, 1942.8093639702674, 1942.8093639702674, 1942.8093639702674
10, 500, 1, 1, 1, 1942.8093639702674, 1942.8093639702674, 1942.8093639702674
10, 500, 1, 1, 1, 1942.8093639702674, 1942.8093639702674, 1942.8093639702674
10, 500, 1, 1, 1, 1942.8093639702674, 1942.8093639702674, 1942.8093639702674
10, 500, 1, 1, 1, 1942.8093639702674, 1942.8093639702674, 1942.8093639702674
10, 500, 1, 1, 1, 1942.8093639702674, 1942.8093639702674, 1942.8093639702674
10, 500, 1, 1, 1, 1942.8093639702674, 1942.8093639702674, 1942.8093639702674
10, 500, 1, 1, 1, 1942.8093639702674, 1942.8093639702674, 1942.8093639702674
10, 500, 1, 1, 1, 1942.8093639702674, 1942.8093639702674, 1942.8093639702674
10, 500, 1, 1, 1, 1942.8093639702674, 1942.8093639702674, 1942.8093639702674
10, 500, 1, 1, 1, 1942.8093639702674, 1942.8093639702674, 1942.8093639702674
10, 500, 1, 1, 1, 1942.8093639702674, 1942.8093639702674, 1942.8093639702674
10, 500, 1, 1, 1, 1942.8093639702674, 1942.8093639702674, 1942.8093639702674
10, 500, 1, 1, 1, 1942.8093639702674, 1942.8093639702674, 1942.8093639702674
10, 500, 1, 1, 1, 1942.8093639702674, 1942.8093639702674, 1942.8093639702674
10, 500, 1, 1, 1, 1942.8093639702674, 1942.8093639702674, 1942.8093639702674
10, 500, 1, 1, 1, 1942.8093639702674, 1942.8093639702674, 1942.8093639702674
10, 500, 1, 1, 1, 1942.8093639702674, 1942.8093639702674, 1942.8093639702674
10, 500, 1, 1, 1, 1942.8093639702674, 1942.8093639702674, 1942.8093639702674
10, 500, 1, 1, 1, 1942.8093639702674, 1942.8093639702674, 1942.8093639702674
10, 500, 1, 1, 1, 1942.8093639702674, 1942.8093639702674, 1942.8093639702674
10, 500, 1, 1, 1, 1942.8093639702674, 1942.8093639702674, 1942.8093639702674
10, 500, 1, 1, 1, 1942.8093639702674, 1942.8093639702674, 1942.8093639702674
10, 500, 1, 1, 1, 1942.8093639702674, 1942.8093639702674, 1942.8093639702674
10, 500, 1, 1, 1, 1942.8093639702674, 1942.8093639702674, 1942.8093639702674
10, 500, 1, 1, 1, 1942.8093639702674, 1942.8093639702674, 1942.8093639702674
10, 500, 1, 1, 1, 1942.8093639702674, 1942.8093639702674, 1942.8093639702674
10, 500, 1, 1, 1, 1942.8093639702674, 1942.8093639702674, 1942.8093639702674
10, 500, 1, 1, 1, 1942.8093639702674, 1942.8093639702674, 1942.8093639702674
10, 500, 1, 1, 1, 1942.8093639702674, 1942.8093639702674, 1942.8093639702674
10, 500, 1, 1, 1, 1942.8093639702674, 1942.8093639702674, 1942.8093639702674
10, 500, 1, 1, 1, 1942.8093639702674, 1942.8093639702674, 1942.8093639702674
10, 500, 1, 1, 1, 1942.8093639702674, 1942.8093639702674, 1942.8093639702674
10, 500, 1, 1, 1, 1942.8093639702674, 1942.8093639702674, 1942.8093639702674
10, 500, 1, 1, 1, 1942.8093639702674, 1942.8093639702674, 1942.8093639702674
10, 500, 1, 1, 1, 1942.8093639702674, 1942.8093639702674, 1942.8093639702674
10, 500, 1, 1, 1, 1942.8093639702674, 1942.8093639702674, 1942.8093639702674
10, 500, 1, 1, 1, 1942.8093639702674, 1942.8093639702674, 1942.8093639702674
10, 500, 1, 1, 1, 1942.8093639702674, 1942.8093639702674, 1942.8093639702674
10, 500, 1, 1, 1, 1942.8093639702674, 1942.8093639702674, 1942.8093639702674
10, 500, 1, 1, 1, 1942.8093639702674, 1942.8093639702674, 1942.8093639702674
10, 500, 1, 1, 1, 1942.8093639702674, 1942.8093639702674, 1942.8093639702674
10, 500, 1, 1, 1, 1942.8093639702674, 1942.8093639702674, 1942.8093639702674
10, 500, 1, 1, 1, 1942.8093639702674, 1942.8093639702674, 1942.8093639702674
10, 500, 1, 1, 1, 1942.8093639702674, 1942.8093639702674, 1942.8093639702674
10, 500, 1, 1, 1, 1942.8093639702674, 1942.8093639702674, 1942.8093639702674
10, 500, 1, 1, 1, 1942.8093639702674, 1942.8093639702674, 1942.8093639702674
10, 500, 1, 1, 1, 1942.8093639702674, 1942.8093639702674, 1942.8093639702674
11, 500, 1, 1, 1, 485.70234099256686, 485.70234099256686, 485.70234099256686
11, 500, 1, 1, 1, 485.70234099256686, 485.70234099256686, 485.70234099256686
11, 500, 1, 1, 1, 485.70234099256686, 485.70234099256686, 485.70234099256686
11, 500, 1, 1, 1, 485.70234099256686, 485.70234099256686, 485.70234099256686
11, 500, 1, 1, 1, 485.70234099256686, 485.70234099256686, 485.70234099256686
11, 500, 1, 1, 1, 485.70234099256686, 485.70234099256686, 485.70234099256686
11, 500, 1, 1, 1, 485.70234099256686, 485.70234099256686, 485.70234099256686
11, 500, 1, 1, 1, 485.70234099256686, 485.70234099256686, 485.70234099256686
11, 500, 1, 1, 1, 485.70234099256686, 485.70234099256686, 485.70234099256686
11, 500, 1, 1, 1, 485.70234099256686, 485.70234099256686, 485.70234099256686
11, 500, 1, 1, 1, 485.70234099256686, 485.70234099256686, 485.70234099256686
11, 500, 1, 1, 1, 485.70234099256686, 485.70234099256686, 485.70234099256686
11, 500, 1, 1, 1, 485.70234099256686, 485.70234099256686, 485.70234099256686
11, 500, 1, 1, 1, 485.70234099256686, 485.70234099256686, 485.70234099256686
11, 500, 1, 1, 1, 485.70234099256686, 485.70234099256686, 485.70234099256686
11, 500, 1, 1, 1, 485.70234099256686, 485.70234099256686, 485.70234099256686
11, 500, 1, 1, 1, 485.70234099256686, 485.70234099256686, 485.70234099256686
11, 500, 1, 1, 1, 485.70234099256686, 485.70234099256686, 485.70234099256686
11, 500, 1, 1, 1, 485.70234099256686, 485.70234099256686, 485.70234099256686
11, 500, 1, 1, 1, 485.70234099256686, 485.70234099256686, 485.70234099256686
11, 500, 1, 1, 1, 485.70234099256686, 485.70234099256686, 485.70234099256686
11, 500, 1, 1, 1, 485.70234099256686, 485.70234099256686, 485.70234099256686
11, 500, 1, 1, 1, 485.70234099256686, 485.70234099256686, 485.70234099256686
11, 500, 1, 1, 1, 485.70234099256686, 485.70234099256686, 485.70234099256686
11, 500, 1, 1, 1, 485.70234099256686, 485.70234099256686, 485.70234099256686
11, 500, 1, 1, 1, 485.70234099256686, 485.70234099256686, 485.70234099256686
11, 500, 1, 1, 1, 485.70234099256686, 485.70234099256686, 485.70234099256686
11, 500, 1, 1, 1, 485.70234099256686, 485.70234099256686, 485.70234099256686
11, 500, 1, 1, 1, 485.70234099256686, 485.70234099256686, 485.70234099256686
11, 500, 1, 1, 1, 485.70234099256686, 485.70234099256686, 485.70234099256686
11, 500, 1, 1, 1, 485.70234099256686, 485.70234099256686, 485.70234099256686
11, 500, 1, 1, 1, 485.70234099256686, 485.70234099256686, 485.70234099256686
11, 500, 1, 1, 1, 485.70234099256686, 485.70234099256686, 485.70234099256686
11, 500, 1, 1, 1, 485.70234099256686, 485.70234099256686, 485.70234099256686
11, 500, 1, 1, 1, 485.70234099256686, 485.70234099256686, 485.70234099256686
11, 500, 1, 1, 1, 485.70234099256686, 485.70234099256686, 485.70234099256686
11, 500, 1, 1, 1, 485.70234099256686, 485.70234099256686, 485.70234099256686
11, 500, 1, 1, 1, 485.70234099256686, 485.70234099256686, 485.70234099256686
11, 500, 1, 1, 1, 485.70234099256686, 485.70234099256686, 485.70234099256686
11, 500, 1, 1, 1, 485.70234099256686, 485.70234099256686, 485.70234099256686
11, 500, 1, 1, 1, 485.70234099256686, 485.70234099256686, 485.70234099256686
11, 500, 1, 1, 1, 485.70234099256686, 485.70234099256686, 485.70234099256686
11, 500, 1, 1, 1, 485.70234099256686, 485.70234099256686, 485.70234099256686
11, 500, 1, 1, 1, 485.70234099256686, 485.70234099256686, 485.70234099256686
11, 500, 1, 1, 1, 485.70234099256686, 485.70234099256686, 485.70234099256686
11, 500, 1, 1, 1, 485.70234099256686, 485.70234099256686, 485.70234099256686
11, 500, 1, 1, 1, 485.70234099256686, 485.70234099256686, 485.70234099256686
11, 500, 1, 1, 1, 485.70234099256686, 485.70234099256686, 485.70234099256686
11, 500, 1, 1, 1, 485.70234099256686, 485.70234099256686, 485.70234099256686
11, 500, 1, 1, 1, 485.70234099256686, 485.70234099256686, 485.70234099256686
12, 500, 1, 1, 1, 121.42558524814172, 121.42558524814172, 121.42558524814172
12, 500, 1, 1, 1, 121.42558524814172, 121.42558524814172, 121.42558524814172
12, 500, 1, 1, 1, 121.42558524814172, 121.42558524814172, 121.42558524814172
12, 500, 1, 1, 1, 121.42558524814172, 121.42558524814172, 121.42558524814172
12, 500, 1, 1, 1, 121.42558524814172, 121.42558524814172, 121.42558524814172
12, 500, 1, 1, 1, 121.42558524814172, 121.42558524814172, 121.42558524814172
12, 500, 1, 1, 1, 121.42558524814172, 121.42558524814172, 121.42558524814172
12, 500, 1, 1, 1, 121.42558524814172, 121.42558524814172, 121.42558524814172
12, 500, 1, 1, 1, 121.42558524814172, 121.42558524814172, 121.42558524814172
12, 500, 1, 1, 1, 121.42558524814172, 121.42558524814172, 121.42558524814172
12, 500, 1, 1, 1, 121.42558524814172, 121.42558524814172, 121.42558524814172
12, 500, 1, 1, 1, 121.42558524814172, 121.42558524814172, 121.42558524814172
12, 500, 1, 1, 1, 121.42558524814172, 121.42558524814172, 121.42558524814172
12, 500, 1, 1, 1, 121.42558524814172, 121.42558524814172, 121.42558524814172
12, 500, 1, 1, 1, 121.42558524814172, 121.42558524814172, 121.42558524814172
12, 500, 1, 1, 1, 121.42558524814172, 121.42558524814172, 121.42558524814172
12, 500, 1, 1, 1, 121.42558524814172, 121.42558524814172, 121.42558524814172
12, 500, 1, 1, 1, 121.42558524814172, 121.42558524814172, 121.42558524814172
12, 500, 1, 1, 1, 121.42558524814172, 121.42558524814172, 121.42558524814172
12, 500, 1, 1, 1, 121.42558524814172, 121.42558524814172, 121.42558524814172
12, 500, 1, 1, 1, 121.42558524814172, 121.42558524814172, 121.42558524814172
12, 500, 1, 1, 1, 121.42558524814172, 121.42558524814172, 121.42558524814172
12, 500, 1, 1, 1, 121.42558524814172, 121.42558524814172, 121.42558524814172
12, 500, 1, 1, 1, 121.42558524814172, 121.42558524814172, 121.42558524814172
12, 500, 1, 1, 1, 121.42558524814172, 121.42558524814172, 121.42558524814172
12, 500, 1, 1, 1, 121.42558524814172, 121.42558524814172, 121.42558524814172
12, 500, 1, 1, 1, 121.42558524814172, 121.42558524814172, 121.42558524814172
12, 500, 1, 1, 1, 121.42558524814172, 121.42558524814172, 121.42558524814172
12, 500, 1, 1, 1, 121.42558524814172, 121.42558524814172, 121.42558524814172
12, 500, 1, 1, 1, 121.42558524814172, 121.42558524814172, 121.42558524814172
12, 500, 1, 1, 1, 121.42558524814172, 121.42558524814172, 121.42558524814172
12, 500, 1, 1, 1, 121.42558524814172, 121.42558524814172, 121.42558524814172
12, 500, 1, 1, 1, 121.42558524814172, 121.42558524814172, 121.42558524814172
12, 500, 1, 1, 1, 121.42558524814172, 121.42558524814172, 121.42558524814172
12, 500, 1, 1, 1, 121.42558524814172, 121.42558524814172, 121.42558524814172
12, 500, 1, 1, 1, 121.42558524814172, 121.42558524814172, 121.42558524814172
12, 500, 1, 1, 1, 121.42558524814172, 121.42558524814172, 121.42558524814172
12, 500, 1, 1, 1, 121.42558524814172, 121.42558524814172, 121.42558524814172
12, 500, 1, 1, 1, 121.42558524814172, 121.42558524814172, 121.42558524814172
12, 500, 1, 1, 1, 121.42558524814172, 121.42558524814172, 121.42558524814172
12, 500, 1, 1, 1, 121.42558524814172, 121.42558524814172, 121.42558524814172
12, 500, 1, 1, 1, 121.42558524814172, 121.42558524814172, 121.42558524814172
12, 500, 1, 1, 1, 121.42558524814172, 121.42558524814172, 121.42558524814172
12, 500, 1, 1, 1, 121.42558524814172, 121.42558524814172, 121.42558524814172
12, 500, 1, 1, 1, 121.42558524814172, 121.42558524814172, 121.42558524814172
12, 500, 1, 1, 1, 121.42558524814172, 121.42558524814172, 121.42558524814172
12, 500, 1, 1, 1, 121.42558524814172, 121.42558524814172, 121.42558524814172
12, 500, 1, 1, 1, 121.42558524814172, 121.42558524814172, 121.42558524814172
12, 500, 1, 1, 1, 121.42558524814172, 121.42558524814172, 121.42558524814172
12, 500, 1, 1, 1, 121.42558524814172, 121.42558524814172, 121.42558524814172
13, 500, 1, 1, 1, 30.35639631203543, 30.35639631203543, 30.35639631203543
13, 500, 1, 1, 1, 30.35639631203543, 30.35639631203543, 30.35639631203543
13, 500, 1, 1, 1, 30.35639631203543, 30.35639631203543, 30.35639631203543
13, 500, 1, 1, 1, 30.35639631203543, 30.35639631203543, 30.35639631203543
13, 500, 1, 1, 1, 30.35639631203543, 30.35639631203543, 30.35639631203543
13, 500, 1, 1, 1, 30.35639631203543, 30.35639631203543, 30.35639631203543
13, 500, 1, 1, 1, 30.35639631203543, 30.35639631203543, 30.35639631203543
13, 500, 1, 1, 1, 30.35639631203543, 30.35639631203543, 30.35639631203543
13, 500, 1, 1, 1, 30.35639631203543, 30.35639631203543, 30.35639631203543
13, 500, 1, 1, 1, 30.35639631203543, 30.35639631203543, 30.35639631203543
13, 500, 1, 1, 1, 30.35639631203543, 30.35639631203543, 30.35639631203543
13, 500, 1, 1, 1, 30.35639631203543, 30.35639631203543, 30.35639631203543
13, 500, 1, 1, 1, 30.35639631203543, 30.35639631203543, 30.35639631203543
13, 500, 1, 1, 1, 30.35639631203543, 30.35639631203543, 30.35639631203543
13, 500, 1, 1, 1, 30.35639631203543, 30.35639631203543, 30.35639631203543
13, 500, 1, 1, 1, 30.35639631203543, 30.35639631203543, 30.35639631203543
13, 500, 1, 1, 1, 30.35639631203543, 30.35639631203543, 30.35639631203543
13, 500, 1, 1, 1, 30.35639631203543, 30.35639631203543, 30.35639631203543
13, 500, 1, 1, 1, 30.35639631203543, 30.35639631203543, 30.35639631203543
13, 500, 1, 1, 1, 30.35639631203543, 30.35639631203543, 30.35639631203543
13, 500, 1, 1, 1, 30.35639631203543, 30.35639631203543, 30.35639631203543
13, 500, 1, 1, 1, 30.35639631203543, 30.35639631203543, 30.35639631203543
13, 500, 1, 1, 1, 30.35639631203543, 30.35639631203543, 30.35639631203543
13, 500, 1, 1, 1, 30.35639631203543, 30.35639631203543, 30.35639631203543
13, 500, 1, 1, 1, 30.35639631203543, 30.35639631203543, 30.35639631203543
13, 500, 1, 1, 1, 30.35639631203543, 30.35639631203543, 30.35639631203543
13, 500, 1, 1, 1, 30.35639631203543, 30.35639631203543, 30.35639631203543
13, 500, 1, 1, 1, 30.35639631203543, 30.35639631203543, 30.35639631203543
13, 500, 1, 1, 1, 30.35639631203543, 30.35639631203543, 30.35639631203543
13, 500, 1, 1, 1, 30.35639631203543, 30.35639631203543, 30.35639631203543
13, 500, 1, 1, 1, 30.35639631203543, 30.35639631203543, 30.35639631203543
13, 500, 1, 1, 1, 30.35639631203543, 30.35639631203543, 30.35639631203543
13, 500, 1, 1, 1, 30.35639631203543, 30.35639631203543, 30.35639631203543
13, 500, 1, 1, 1, 30.35639631203543, 30.35639631203543, 30.35639631203543
13, 500, 1, 1, 1, 30.35639631203543, 30.35639631203543, 30.35639631203543
13, 500, 1, 1, 1, 30.35639631203543, 30.35639631203543, 30.35639631203543
13, 500, 1, 1, 1, 30.35639631203543, 30.35639631203543, 30.35639631203543
13, 500, 1, 1, 1, 30.35639631203543, 30.35639631203543, 30.35639631203543
13, 500, 1, 1, 1, 30.35639631203543, 30.35639631203543, 30.35639631203543
13, 500, 1, 1, 1, 30.35639631203543, 30.35639631203543, 30.35639631203543
13, 500, 1, 1, 1, 30.35639631203543, 30.35639631203543, 30.35639631203543
13, 500, 1, 1, 1, 30.35639631203543, 30.35639631203543, 30.35639631203543
13, 500, 1, 1, 1, 30.35639631203543, 30.35639631203543, 30.35639631203543
13, 500, 1, 1, 1, 30.35639631203543, 30.35639631203543, 30.35639631203543
13, 500, 1, 1, 1, 30.35639631203543, 30.35639631203543, 30.35639631203543
13, 500, 1, 1, 1, 30.35639631203543, 30.35639631203543, 30.35639631203543
13, 500, 1, 1, 1, 30.35639631203543, 30.35639631203543, 30.35639631203543
13, 500, 1, 1, 1, 30.35639631203543, 30.35639631203543, 30.35639631203543
13, 500, 1, 1, 1, 30.35639631203543, 30.35639631203543, 30.35639631203543
13, 500, 1, 1, 1, 30.35639631203543, 30.35639631203543, 30.35639631203543
14, 500, 1, 1, 1, 30.35639631203543, 30.35639631203543, 30.35639631203543
14, 500, 1, 1, 1, 30.35639631203543, 30.35639631203543, 30.35639631203543
14, 500, 1, 1, 1, 30.35639631203543, 30.35639631203543, 30.35639631203543
14, 500, 1, 1, 1, 30.35639631203543, 30.35639631203543, 30.35639631203543
14, 500, 1, 1, 1, 30.35639631203543, 30.35639631203543, 30.35639631203543
14, 500, 1, 1, 1, 30.35639631203543, 30.35639631203543, 30.35639631203543
14, 500, 1, 1, 1, 30.35639631203543, 30.35639631203543, 30.35639631203543
14, 500, 1, 1, 1, 30.35639631203543, 30.35639631203543, 30.35639631203543
14, 500, 1, 1, 1, 30.35639631203543, 30.35639631203543, 30.35639631203543
14, 500, 1, 1, 1, 30.35639631203543, 30.35639631203543, 30.35639631203543
14, 500, 1, 1, 1, 30.35639631203543, 30.35639631203543, 30.35639631203543
14, 500, 1, 1, 1, 30.35639631203543, 30.35639631203543, 30.35639631203543
14, 500, 1, 1, 1, 30.35639631203543, 30.35639631203543, 30.35639631203543
14, 500, 1, 1, 1, 30.35639631203543, 30.35639631203543, 30.35639631203543
14, 500, 1, 1, 1, 30.35639631203543, 30.35639631203543, 30.35639631203543
14, 500, 1, 1, 1, 30.35639631203543, 30.35639631203543, 30.35639631203543
14, 500, 1, 1, 1, 30.35639631203543, 30.35639631203543, 30.35639631203543
14, 500, 1, 1, 1, 30.35639631203543, 30.35639631203543, 30.35639631203543
14, 500, 1, 1, 1, 30.35639631203543, 30.35639631203543, 30.35639631203543
14, 500, 1, 1, 1, 30.35639631203543, 30.35639631203543, 30.35639631203543
14, 500, 1, 1, 1, 30.35639631203543, 30.35639631203543, 30.35639631203543
14, 500, 1, 1, 1, 30.35639631203543, 30.35639631203543, 30.35639631203543
14, 500, 1, 1, 1, 30.35639631203543, 30.35639631203543, 30.35639631203543
14, 500, 1, 1, 1, 30.35639631203543, 30.35639631203543, 30.35639631203543
14, 500, 1, 1, 1, 30.35639631203543, 30.35639631203543, 30.35639631203543
14, 500, 1, 1, 1, 30.35639631203543, 30.35639631203543, 30.35639631203543
14, 500, 1, 1, 1, 30.35639631203543, 30.35639631203543, 30.35639631203543
14, 500, 1, 1, 1, 30.35639631203543, 30.35639631203543, 30.35639631203543
14, 500, 1, 1, 1, 30.35639631203543, 30.35639631203543, 30.35639631203543
14, 500, 1, 1, 1, 30.35639631203543, 30.35639631203543, 30.35639631203543
14, 500, 1, 1, 1, 30.35639631203543, 30.35639631203543, 30.35639631203543
14, 500, 1, 1, 1, 30.35639631203543, 30.35639631203543, 30.35639631203543
14, 500, 1, 1, 1, 30.35639631203543, 30.35639631203543, 30.35639631203543
14, 500, 1, 1, 1, 30.35639631203543, 30.35639631203543, 30.35639631203543
14, 500, 1, 1, 1, 30.35639631203543, 30.35639631203543, 30.35639631203543
14, 500, 1, 1, 1, 30.35639631203543, 30.35639631203543, 30.35639631203543
14, 500, 1, 1, 1, 30.35639631203543, 30.35639631203543, 30.35639631203543
14, 500, 1, 1, 1, 30.35639631203543, 30.35639631203543, 30.35639631203543
14, 500, 1, 1, 1, 30.35639631203543, 30.35639631203543, 30.35639631203543
14, 500, 1, 1, 1, 30.35639631203543, 30.35639631203543, 30.35639631203543
14, 500, 1, 1, 1, 30.35639631203543, 30.35639631203543, 30.35639631203543
14, 500, 1, 1, 1, 30.35639631203543, 30.35639631203543, 30.35639631203543
14, 500, 1, 1, 1, 30.35639631203543, 30.35639631203543, 30.35639631203543
14, 500, 1, 1, 1, 30.35639631203543, 30.35639631203543, 30.35639631203543
14, 500, 1, 1, 1, 30.35639631203543, 30.35639631203543, 30.35639631203543
14, 500, 1, 1, 1, 30.35639631203543, 30.35639631203543, 30.35639631203543
14, 500, 1, 1, 1, 30.35639631203543, 30.35639631203543, 30.35639631203543
14, 500, 1, 1, 1, 30.35639631203543, 30.35639631203543, 30.35639631203543
14, 500, 1, 1, 1, 30.35639631203543, 30.35639631203543, 30.35639631203543
14, 500, 1, 1, 1, 30.35639631203543, 30.35639631203543, 30.35639631203543
15, 500, 2, 1, 1, 7.589099078008857, 7.589099078008857, 7.589099078008857
15, 500, 1, 1, 1, 7.589099078008857, 7.589099078008857, 7.589099078008857
15, 500, 1, 1, 1, 7.589099078008857, 7.589099078008857, 7.589099078008857
15, 500, 1, 1, 1, 7.589099078008857, 7.589099078008857, 7.589099078008857
15, 500, 1, 1, 1, 7.589099078008857, 7.589099078008857, 7.589099078008857
15, 500, 1, 1, 1, 7.589099078008857, 7.589099078008857, 7.589099078008857
15, 500, 1, 1, 1, 7.589099078008857, 7.589099078008857, 7.589099078008857
15, 500, 1, 1, 1, 7.589099078008857, 7.589099078008857, 7.589099078008857
15, 500, 1, 2, 1, 7.589099078008857, 7.589099078008857, 7.589099078008857
15, 500, 2, 2, 1, 7.589099078008857, 7.589099078008857, 7.589099078008857
15, 500, 2, 1, 1, 7.589099078008857, 7.589099078008857, 7.589099078008857
15, 500, 2, 1, 1, 7.589099078008857, 7.589099078008857, 7.589099078008857
15, 500, 1, 1, 1, 7.589099078008857, 7.589099078008857, 7.589099078008857
15, 500, 1, 1, 1, 7.589099078008857, 7.589099078008857, 7.589099078008857
15, 500, 2, 1, 1, 7.589099078008857, 7.589099078008857, 7.589099078008857
15, 500, 4, 3, 1, 7.589099078008857, 7.589099078008857, 7.589099078008857
15, 500, 1, 1, 1, 7.589099078008857, 7.589099078008857, 7.589099078008857
15, 500, 1, 2, 1, 7.589099078008857, 7.589099078008857, 7.589099078008857
15, 500, 1, 1, 1, 7.589099078008857, 7.589099078008857, 7.589099078008857
15, 500, 1, 1, 1, 7.589099078008857, 7.589099078008857, 7.589099078008857
15, 500, 1, 1, 1, 7.589099078008857, 7.589099078008857, 7.589099078008857
15, 500, 1, 1, 1, 7.589099078008857, 7.589099078008857, 7.589099078008857
15, 500, 2, 1, 1, 7.589099078008857, 7.589099078008857, 7.589099078008857
15, 500, 1, 1, 1, 7.589099078008857, 7.589099078008857, 7.589099078008857
15, 500, 1, 1, 1, 7.589099078008857, 7.589099078008857, 7.589099078008857
15, 500, 1, 1, 1, 7.589099078008857, 7.589099078008857, 7.589099078008857
15, 500, 1, 1, 1, 7.589099078008857, 7.589099078008857, 7.589099078008857
15, 500, 1, 1, 1, 7.589099078008857, 7.589099078008857, 7.589099078008857
15, 500, 2, 1, 1, 7.589099078008857, 7.589099078008857, 7.589099078008857
15, 500, 1, 1, 1, 7.589099078008857, 7.589099078008857, 7.589099078008857
15, 500, 2, 1, 1, 7.589099078008857, 7.589099078008857, 7.589099078008857
15, 500, 1, 1, 1, 7.589099078008857, 7.589099078008857, 7.589099078008857
15, 500, 1, 1, 1, 7.589099078008857, 7.589099078008857, 7.589099078008857
15, 500, 1, 1, 1, 7.589099078008857, 7.589099078008857, 7.589099078008857
15, 500, 1, 1, 1, 7.589099078008857, 7.589099078008857, 7.589099078008857
15, 500, 1, 1, 1, 7.589099078008857, 7.589099078008857, 7.589099078008857
15, 500, 2, 1, 1, 7.589099078008857, 7.589099078008857, 7.589099078008857
15, 500, 1, 1, 1, 7.589099078008857, 7.589099078008857, 7.589099078008857
15, 500, 1, 1, 1, 7.589099078008857, 7.589099078008857, 7.589099078008857
15, 500, 1, 1, 1, 7.589099078008857, 7.589099078008857, 7.589099078008857
15, 500, 1, 1, 1, 7.589099078008857, 7.589099078008857, 7.589099078008857
15, 500, 1, 1, 1, 7.589099078008857, 7.589099078008857, 7.589099078008857
15, 500, 2, 1, 1, 7.589099078008857, 7.589099078008857, 7.589099078008857
15, 500, 1, 1, 1, 7.589099078008857, 7.589099078008857, 7.589099078008857
15, 500, 2, 2, 1, 7.589099078008857, 7.589099078008857, 7.589099078008857
15, 500, 1, 1, 1, 7.589099078008857, 7.589099078008857, 7.589099078008857
15, 500, 1, 1, 1, 7.589099078008857, 7.589099078008857, 7.589099078008857
15, 500, 4, 3, 1, 7.589099078008857, 7.589099078008857, 7.589099078008857
15, 500, 1, 1, 1, 7.589099078008857, 7.589099078008857, 7.589099078008857
15, 500, 2, 1, 1, 7.589099078008857, 7.589099078008857, 7.589099078008857
16, 500, 4, 2, 1, 4.268868231379982, 4.268868231379982, 4.268868231379982
16, 500, 4, 3, 1, 4.268868231379982, 4.268868231379982, 4.268868231379982
16, 500, 3, 1, 1, 4.268868231379982, 4.268868231379982, 4.268868231379982
16, 500, 2, 2, 1, 4.268868231379982, 4.268868231379982, 4.268868231379982
16, 500, 4, 3, 1, 4.268868231379982, 4.268868231379982, 4.268868231379982
16, 500, 1, 1, 1, 4.268868231379982, 4.268868231379982, 4.268868231379982
16, 500, 1, 1, 1, 4.268868231379982, 4.268868231379982, 4.268868231379982
16, 500, 1, 1, 1, 4.268868231379982, 4.268868231379982, 4.268868231379982
16, 500, 2, 2, 1, 4.268868231379982, 4.268868231379982, 4.268868231379982
16, 500, 2, 2, 1, 4.268868231379982, 4.268868231379982, 4.268868231379982
16, 500, 2, 2, 1, 4.268868231379982, 4.268868231379982, 4.268868231379982
16, 500, 3, 2, 1, 4.268868231379982, 4.268868231379982, 4.268868231379982
16, 500, 4, 3, 1, 4.268868231379982, 4.268868231379982, 4.268868231379982
16, 500, 1, 1, 1, 4.268868231379982, 4.268868231379982, 4.268868231379982
16, 500, 2, 2, 1, 4.268868231379982, 4.268868231379982, 4.268868231379982
16, 500, 4, 3, 1, 4.268868231379982, 4.268868231379982, 4.268868231379982
16, 500, 3, 2, 1, 4.268868231379982, 4.268868231379982, 4.268868231379982
16, 500, 3, 2, 1, 4.268868231379982, 4.268868231379982, 4.268868231379982
16, 500, 5, 3, 1, 4.268868231379982, 4.268868231379982, 4.268868231379982
16, 500, 1, 1, 1, 4.268868231379982, 4.268868231379982, 4.268868231379982
16, 500, 1, 1, 1, 4.268868231379982, 4.268868231379982, 4.268868231379982
16, 500, 4, 3, 1, 4.268868231379982, 4.268868231379982, 4.268868231379982
16, 500, 2, 1, 1, 4.268868231379982, 4.268868231379982, 4.268868231379982
16, 500, 4, 3, 1, 4.268868231379982, 4.268868231379982, 4.268868231379982
16, 500, 1, 1, 1, 4.268868231379982, 4.268868231379982, 4.268868231379982
16, 500, 1, 1, 1, 4.268868231379982, 4.268868231379982, 4.268868231379982
16, 500, 1, 1, 1, 4.268868231379982, 4.268868231379982, 4.268868231379982
16, 500, 5, 3, 1, 4.268868231379982, 4.268868231379982, 4.268868231379982
16, 500, 2, 1, 1, 4.268868231379982, 4.268868231379982, 4.268868231379982
16, 500, 1, 1, 1, 4.268868231379982, 4.268868231379982, 4.268868231379982
16, 500, 2, 1, 1, 4.268868231379982, 4.268868231379982, 4.268868231379982
16, 500, 1, 1, 1, 4.268868231379982, 4.268868231379982, 4.268868231379982
16, 500, 1, 1, 1, 4.268868231379982, 4.268868231379982, 4.268868231379982
16, 500, 1, 1, 1, 4.268868231379982, 4.268868231379982, 4.268868231379982
16, 500, 2, 1, 1, 4.268868231379982, 4.268868231379982, 4.268868231379982
16, 500, 1, 1, 1, 4.268868231379982, 4.268868231379982, 4.268868231379982
16, 500, 2, 2, 1, 4.268868231379982, 4.268868231379982, 4.268868231379982
16, 500, 4, 3, 1, 4.268868231379982, 4.268868231379982, 4.268868231379982
16, 500, 1, 1, 1, 4.268868231379982, 4.268868231379982, 4.268868231379982
16, 500, 3, 2, 1, 4.268868231379982, 4.268868231379982, 4.268868231379982
16, 500, 1, 1, 1, 4.268868231379982, 4.268868231379982, 4.268868231379982
16, 500, 1, 1, 1, 4.268868231379982, 4.268868231379982, 4.268868231379982
16, 500, 2, 1, 1, 4.268868231379982, 4.268868231379982, 4.268868231379982
16, 500, 1, 1, 1, 4.268868231379982, 4.268868231379982, 4.268868231379982
16, 500, 2, 2, 1, 4.268868231379982, 4.268868231379982, 4.268868231379982
16, 500, 1, 1, 1, 4.268868231379982, 4.268868231379982, 4.268868231379982
16, 500, 1, 1, 1, 4.268868231379982, 4.268868231379982, 4.268868231379982
16, 500, 6, 3, 1, 4.268868231379982, 4.268868231379982, 4.268868231379982
16, 500, 2, 1, 1, 4.268868231379982, 4.268868231379982, 4.268868231379982
16, 500, 4, 2, 1, 4.268868231379982, 4.268868231379982, 4.268868231379982
17, 500, 4, 3, 2, 2.015854442596103, 2.015854442596103, 2.015854442596103
17, 500, 7, 4, 2, 2.015854442596103, 2.015854442596103, 2.015854442596103
17, 500, 4, 3, 2, 2.015854442596103, 2.015854442596103, 2.015854442596103
17, 500, 4, 2, 2, 2.015854442596103, 2.015854442596103, 2.015854442596103
17, 500, 6, 6, 2, 2.015854442596103, 2.015854442596103, 2.015854442596103
17, 500, 4, 2, 2, 2.015854442596103, 2.015854442596103, 2.015854442596103
17, 500, 3, 3, 2, 2.015854442596103, 2.015854442596103, 2.015854442596103
17, 500, 4, 1, 2, 2.015854442596103, 2.015854442596103, 2.015854442596103
17, 500, 4, 2, 2, 2.015854442596103, 2.015854442596103, 2.015854442596103
17, 500, 3, 3, 2, 2.015854442596103, 2.015854442596103, 2.015854442596103
17, 500, 3, 2, 2, 2.015854442596103, 2.015854442596103, 2.015854442596103
17, 500, 3, 2, 2, 2.015854442596103, 2.015854442596103, 2.015854442596103
17, 500, 10, 6, 2, 2.015854442596103, 2.015854442596103, 2.015854442596103
17, 500, 3, 3, 2, 2.015854442596103, 2.015854442596103, 2.015854442596103
17, 500, 4, 2, 2, 2.015854442596103, 2.015854442596103, 2.015854442596103
17, 500, 7, 3, 2, 2.015854442596103, 2.015854442596103, 2.015854442596103
17, 500, 4, 2, 2, 2.015854442596103, 2.015854442596103, 2.015854442596103
17, 500, 4, 2, 2, 2.015854442596103, 2.015854442596103, 2.015854442596103
17, 500, 7, 5, 2, 2.015854442596103, 2.015854442596103, 2.015854442596103
17, 500, 3, 2, 2, 2.015854442596103, 2.015854442596103, 2.015854442596103
17, 500, 3, 2, 2, 2.015854442596103, 2.015854442596103, 2.015854442596103
17, 500, 4, 4, 2, 2.015854442596103, 2.015854442596103, 2.015854442596103
17, 500, 5, 3, 2, 2.015854442596103, 2.015854442596103, 2.015854442596103
17, 500, 4, 3, 2, 2.015854442596103, 2.015854442596103, 2.015854442596103
17, 500, 4, 2, 2, 2.015854442596103, 2.015854442596103, 2.015854442596103
17, 500, 3, 3, 2, 2.015854442596103, 2.015854442596103, 2.015854442596103
17, 500, 2, 2, 2, 2.015854442596103, 2.015854442596103, 2.015854442596103
17, 500, 6, 3, 2, 2.015854442596103, 2.015854442596103, 2.015854442596103
17, 500, 2, 1, 2, 2.015854442596103, 2.015854442596103, 2.015854442596103
17, 500, 3, 2, 2, 2.015854442596103, 2.015854442596103, 2.015854442596103
17, 500, 4, 2, 2, 2.015854442596103, 2.015854442596103, 2.015854442596103
17, 500, 2, 1, 2, 2.015854442596103, 2.015854442596103, 2.015854442596103
17, 500, 4, 2, 2, 2.015854442596103, 2.015854442596103, 2.015854442596103
17, 500, 3, 3, 2, 2.015854442596103, 2.015854442596103, 2.015854442596103
17, 500, 2, 1, 2, 2.015854442596103, 2.015854442596103, 2.015854442596103
17, 500, 3, 3, 2, 2.015854442596103, 2.015854442596103, 2.015854442596103
17, 500, 4, 2, 2, 2.015854442596103, 2.015854442596103, 2.015854442596103
17, 500, 7, 4, 2, 2.015854442596103, 2.015854442596103, 2.015854442596103
17, 500, 2, 1, 2, 2.015854442596103, 2.015854442596103, 2.015854442596103
17, 500, 4, 2, 2, 2.015854442596103, 2.015854442596103, 2.015854442596103
17, 500, 1, 1, 2, 2.015854442596103, 2.015854442596103, 2.015854442596103
17, 500, 2, 2, 2, 2.015854442596103, 2.015854442596103, 2.015854442596103
17, 500, 4, 2, 2, 2.015854442596103, 2.015854442596103, 2.015854442596103
17, 500, 1, 1, 2, 2.015854442596103, 2.015854442596103, 2.015854442596103
17, 500, 4, 2, 2, 2.015854442596103, 2.015854442596103, 2.015854442596103
17, 500, 2, 2, 2, 2.015854442596103, 2.015854442596103, 2.015854442596103
17, 500, 2, 2, 2, 2.015854442596103, 2.015854442596103, 2.015854442596103
17, 500, 6, 4, 2, 2.015854442596103, 2.015854442596103, 2.015854442596103
17, 500, 4, 3, 2, 2.015854442596103, 2.015854442596103, 2.015854442596103
17, 500, 5, 3, 2, 2.015854442596103, 2.015854442596103, 2.015854442596103
18, 500, 7, 5, 4, 1.482245913673605, 1.482245913673605, 1.482245913673605
18, 500, 11, 6, 4, 1.482245913673605, 1.482245913673605, 1.482245913673605
18, 500, 9, 5, 4, 1.482245913673605, 1.482245913673605, 1.482245913673605
18, 500, 7, 3, 4, 1.482245913673605, 1.482245913673605, 1.482245913673605
18, 500, 14, 9, 4, 1.482245913673605, 1.482245913673605, 1.482245913673605
18, 500, 4, 2, 4, 1.482245913673605, 1.482245913673605, 1.482245913673605
18, 500, 6, 4, 4, 1.482245913673605, 1.482245913673605, 1.482245913673605
18, 500, 6, 4, 4, 1.482245913673605, 1.482245913673605, 1.482245913673605
18, 500, 6, 3, 4, 1.482245913673605, 1.482245913673605, 1.482245913673605
18, 500, 8, 4, 4, 1.482245913673605, 1.482245913673605, 1.482245913673605
18, 500, 6, 3, 4, 1.482245913673605, 1.482245913673605, 1.482245913673605
18, 500, 5, 4, 4, 1.482245913673605, 1.482245913673605, 1.482245913673605
18, 500, 14, 10, 4, 1.482245913673605, 1.482245913673605, 1.482245913673605
18, 500, 6, 4, 4, 1.482245913673605, 1.482245913673605, 1.482245913673605
18, 500, 7, 5, 4, 1.482245913673605, 1.482245913673605, 1.482245913673605
18, 500, 12, 6, 4, 1.482245913673605, 1.482245913673605, 1.482245913673605
18, 500, 7, 3, 4, 1.482245913673605, 1.482245913673605, 1.482245913673605
18, 500, 6, 4, 4, 1.482245913673605, 1.482245913673605, 1.482245913673605
18, 500, 11, 9, 4, 1.482245913673605, 1.482245913673605, 1.482245913673605
18, 500, 7, 6, 4, 1.482245913673605, 1.482245913673605, 1.482245913673605
18, 500, 8, 5, 4, 1.482245913673605, 1.482245913673605, 1.482245913673605
18, 500, 11, 7, 4, 1.482245913673605, 1.482245913673605, 1.482245913673605
18, 500, 8, 4, 4, 1.482245913673605, 1.482245913673605, 1.482245913673605
18, 500, 11, 8, 4, 1.482245913673605, 1.482245913673605, 1.482245913673605
18, 500, 7, 4, 4, 1.482245913673605, 1.482245913673605, 1.482245913673605
18, 500, 7, 4, 4, 1.482245913673605, 1.482245913673605, 1.482245913673605
18, 500, 6, 4, 4, 1.482245913673605, 1.482245913673605, 1.482245913673605
18, 500, 9, 6, 4, 1.482245913673605, 1.482245913673605, 1.482245913673605
18, 500, 3, 4, 4, 1.482245913673605, 1.482245913673605, 1.482245913673605
18, 500, 6, 4, 4, 1.482245913673605, 1.482245913673605, 1.482245913673605
18, 500, 7, 4, 4, 1.482245913673605, 1.482245913673605, 1.482245913673605
18, 500, 9, 5, 4, 1.482245913673605, 1.482245913673605, 1.482245913673605
18, 500, 4, 2, 4, 1.482245913673605, 1.482245913673605, 1.482245913673605
18, 500, 7, 3, 4, 1.482245913673605, 1.482245913673605, 1.482245913673605
18, 500, 6, 3, 4, 1.482245913673605, 1.482245913673605, 1.482245913673605
18, 500, 8, 4, 4, 1.482245913673605, 1.482245913673605, 1.482245913673605
18, 500, 7, 5, 4, 1.482245913673605, 1.482245913673605, 1.482245913673605
18, 500, 12, 7, 4, 1.482245913673605, 1.482245913673605, 1.482245913673605
18, 500, 9, 4, 4, 1.482245913673605, 1.482245913673605, 1.482245913673605
18, 500, 8, 5, 4, 1.482245913673605, 1.482245913673605, 1.482245913673605
18, 500, 10, 6, 4, 1.482245913673605, 1.482245913673605, 1.482245913673605
18, 500, 7, 5, 4, 1.482245913673605, 1.482245913673605, 1.482245913673605
18, 500, 7, 4, 4, 1.482245913673605, 1.482245913673605, 1.482245913673605
18, 500, 3, 3, 4, 1.482245913673605, 1.482245913673605, 1.482245913673605
18, 500, 7, 4, 4, 1.482245913673605, 1.482245913673605, 1.482245913673605
18, 500, 7, 4, 4, 1.482245913673605, 1.482245913673605, 1.482245913673605
18, 500, 7, 4, 4, 1.482245913673605, 1.482245913673605, 1.482245913673605
18, 500, 11, 7, 4, 1.482245913673605, 1.482245913673605, 1.482245913673605
18, 500, 5, 3, 4, 1.482245913673605, 1.482245913673605, 1.482245913673605
18, 500, 10, 7, 4, 1.482245913673605, 1.482245913673605, 1.482245913673605
19, 500, 14, 7, 7, 1.215441649212356, 1.215441649212356, 1.215441649212356
19, 500, 20, 11, 7, 1.215441649212356, 1.215441649212356, 1.215441649212356
19, 500, 19, 12, 7, 1.215441649212356, 1.215441649212356, 1.215441649212356
19, 500, 9, 4, 7, 1.215441649212356, 1.215441649212356, 1.215441649212356
19, 500, 25, 16, 7, 1.215441649212356, 1.215441649212356, 1.215441649212356
19, 500, 8, 6, 7, 1.215441649212356, 1.215441649212356, 1.215441649212356
19, 500, 14, 8, 7, 1.215441649212356, 1.215441649212356, 1.215441649212356
19, 500, 11, 9, 7, 1.215441649212356, 1.215441649212356, 1.215441649212356
19, 500, 11, 7, 7, 1.215441649212356, 1.215441649212356, 1.215441649212356
19, 500, 13, 9, 7, 1.215441649212356, 1.215441649212356, 1.215441649212356
19, 500, 14, 8, 7, 1.215441649212356, 1.215441649212356, 1.215441649212356
19, 500, 8, 6, 7, 1.215441649212356, 1.215441649212356, 1.215441649212356
19, 500, 25, 15, 7, 1.215441649212356, 1.215441649212356, 1.215441649212356
19, 500, 10, 7, 7, 1.215441649212356, 1.215441649212356, 1.215441649212356
19, 500, 10, 7, 7, 1.215441649212356, 1.215441649212356, 1.215441649212356
19, 500, 21, 10, 7, 1.215441649212356, 1.215441649212356, 1.215441649212356
19, 500, 11, 7, 7, 1.215441649212356, 1.215441649212356, 1.215441649212356
19, 500, 19, 8, 7, 1.215441649212356, 1.215441649212356, 1.215441649212356
19, 500, 23, 15, 7, 1.215441649212356, 1.215441649212356, 1.215441649212356
19, 500, 13, 9, 7, 1.215441649212356, 1.215441649212356, 1.215441649212356
19, 500, 13, 6, 7, 1.215441649212356, 1.215441649212356, 1.215441649212356
19, 500, 17, 13, 7, 1.215441649212356, 1.215441649212356, 1.215441649212356
19, 500, 13, 7, 7, 1.215441649212356, 1.215441649212356, 1.215441649212356
19, 500, 23, 17, 7, 1.215441649212356, 1.215441649212356, 1.215441649212356
19, 500, 11, 6, 7, 1.215441649212356, 1.215441649212356, 1.215441649212356
19, 500, 14, 10, 7, 1.215441649212356, 1.215441649212356, 1.215441649212356
19, 500, 20, 11, 7, 1.215441649212356, 1.215441649212356, 1.215441649212356
19, 500, 30, 17, 7, 1.215441649212356, 1.215441649212356, 1.215441649212356
19, 500, 9, 8, 7, 1.215441649212356, 1.215441649212356, 1.215441649212356
19, 500, 13, 7, 7, 1.215441649212356, 1.215441649212356, 1.215441649212356
19, 500, 11, 8, 7, 1.215441649212356, 1.215441649212356, 1.215441649212356
19, 500, 18, 13, 7, 1.215441649212356, 1.215441649212356, 1.215441649212356
19, 500, 10, 4, 7, 1.215441649212356, 1.215441649212356, 1.215441649212356
19, 500, 11, 6, 7, 1.215441649212356, 1.215441649212356, 1.215441649212356
19, 500, 11, 6, 7, 1.215441649212356, 1.215441649212356, 1.215441649212356
19, 500, 13, 6, 7, 1.215441649212356, 1.215441649212356, 1.215441649212356
19, 500, 13, 7, 7, 1.215441649212356, 1.215441649212356, 1.215441649212356
19, 500, 23, 13, 7, 1.215441649212356, 1.215441649212356, 1.215441649212356
19, 500, 17, 9, 7, 1.215441649212356, 1.215441649212356, 1.215441649212356
19, 500, 11, 7, 7, 1.215441649212356, 1.215441649212356, 1.215441649212356
19, 500, 22, 12, 7, 1.215441649212356, 1.215441649212356, 1.215441649212356
19, 500, 15, 11, 7, 1.215441649212356, 1.215441649212356, 1.215441649212356
19, 500, 14, 8, 7, 1.215441649212356, 1.215441649212356, 1.215441649212356
19, 500, 14, 10, 7, 1.215441649212356, 1.215441649212356, 1.215441649212356
19, 500, 14, 8, 7, 1.215441649212356, 1.215441649212356, 1.215441649212356
19, 500, 14, 9, 7, 1.215441649212356, 1.215441649212356, 1.215441649212356
19, 500, 12, 6, 7, 1.215441649212356, 1.215441649212356, 1.215441649212356
19, 500, 18, 12, 7, 1.215441649212356, 1.215441649212356, 1.215441649212356
19, 500, 14, 8, 7, 1.215441649212356, 1.215441649212356, 1.215441649212356
19, 500, 19, 11, 7, 1.215441649212356, 1.215441649212356, 1.215441649212356
20, 500, 27, 14, 14, 1.1005675909026518, 1.1005675909026518, 1.1005675909026518
20, 500, 39, 23, 14, 1.1005675909026518, 1.1005675909026518, 1.1005675909026518
20, 500, 31, 20, 14, 1.1005675909026518, 1.1005675909026518, 1.1005675909026518
20, 500, 19, 11, 14, 1.1005675909026518, 1.1005675909026518, 1.1005675909026518
20, 500, 43, 26, 14, 1.1005675909026518, 1.1005675909026518, 1.1005675909026518
20, 500, 27, 17, 14, 1.1005675909026518, 1.1005675909026518, 1.1005675909026518
20, 500, 30, 18, 14, 1.1005675909026518, 1.1005675909026518, 1.1005675909026518
20, 500, 36, 23, 14, 1.1005675909026518, 1.1005675909026518, 1.1005675909026518
20, 500, 25, 14, 14, 1.1005675909026518, 1.1005675909026518, 1.1005675909026518
20, 500, 25, 18, 14, 1.1005675909026518, 1.1005675909026518, 1.1005675909026518
20, 500, 22, 11, 14, 1.1005675909026518, 1.1005675909026518, 1.1005675909026518
20, 500, 18, 9, 14, 1.1005675909026518, 1.1005675909026518, 1.1005675909026518
20, 500, 48, 29, 14, 1.1005675909026518, 1.1005675909026518, 1.1005675909026518
20, 500, 21, 13, 14, 1.1005675909026518, 1.1005675909026518, 1.1005675909026518
20, 500, 24, 16, 14, 1.1005675909026518, 1.1005675909026518, 1.1005675909026518
20, 500, 45, 26, 14, 1.1005675909026518, 1.1005675909026518, 1.1005675909026518
20, 500, 28, 17, 14, 1.1005675909026518, 1.1005675909026518, 1.1005675909026518
20, 500, 31, 19, 14, 1.1005675909026518, 1.1005675909026518, 1.1005675909026518
20, 500, 45, 26, 14, 1.1005675909026518, 1.1005675909026518, 1.1005675909026518
20, 500, 20, 12, 14, 1.1005675909026518, 1.1005675909026518, 1.1005675909026518
20, 500, 24, 14, 14, 1.1005675909026518, 1.1005675909026518, 1.1005675909026518
20, 500, 44, 26, 14, 1.1005675909026518, 1.1005675909026518, 1.1005675909026518
20, 500, 25, 16, 14, 1.1005675909026518, 1.1005675909026518, 1.1005675909026518
20, 500, 46, 27, 14, 1.1005675909026518, 1.1005675909026518, 1.1005675909026518
20, 500, 24, 14, 14, 1.1005675909026518, 1.1005675909026518, 1.1005675909026518
20, 500, 25, 16, 14, 1.1005675909026518, 1.1005675909026518, 1.1005675909026518
20, 500, 34, 19, 14, 1.1005675909026518, 1.1005675909026518, 1.1005675909026518
20, 500, 44, 26, 14, 1.1005675909026518, 1.1005675909026518, 1.1005675909026518
20, 500, 16, 11, 14, 1.1005675909026518, 1.1005675909026518, 1.1005675909026518
20, 500, 26, 17, 14, 1.1005675909026518, 1.1005675909026518, 1.1005675909026518
20, 500, 34, 23, 14, 1.1005675909026518, 1.1005675909026518, 1.1005675909026518
20, 500, 44, 26, 14, 1.1005675909026518, 1.1005675909026518, 1.1005675909026518
20, 500, 22, 14, 14, 1.1005675909026518, 1.1005675909026518, 1.1005675909026518
20, 500, 25, 14, 14, 1.1005675909026518, 1.1005675909026518, 1.1005675909026518
20, 500, 22, 12, 14, 1.1005675909026518, 1.1005675909026518, 1.1005675909026518
20, 500, 24, 16, 14, 1.1005675909026518, 1.1005675909026518, 1.1005675909026518
20, 500, 22, 15, 14, 1.1005675909026518, 1.1005675909026518, 1.1005675909026518
20, 500, 46, 27, 14, 1.1005675909026518, 1.1005675909026518, 1.1005675909026518
20, 500, 39, 23, 14, 1.1005675909026518, 1.1005675909026518, 1.1005675909026518
20, 500, 30, 15, 14, 1.1005675909026518, 1.1005675909026518, 1.1005675909026518
20, 500, 46, 27, 14, 1.1005675909026518, 1.1005675909026518, 1.1005675909026518
20, 500, 35, 22, 14, 1.1005675909026518, 1.1005675909026518, 1.1005675909026518
20, 500, 29, 15, 14, 1.1005675909026518, 1.1005675909026518, 1.1005675909026518
20, 500, 23, 14, 14, 1.1005675909026518, 1.1005675909026518, 1.1005675909026518
20, 500, 29, 19, 14, 1.1005675909026518, 1.1005675909026518, 1.1005675909026518
20, 500, 27, 20, 14, 1.1005675909026518, 1.1005675909026518, 1.1005675909026518
20, 500, 21, 12, 14, 1.1005675909026518, 1.1005675909026518, 1.1005675909026518
20, 500, 37, 27, 14, 1.1005675909026518, 1.1005675909026518, 1.1005675909026518
20, 500, 23, 12, 14, 1.1005675909026518, 1.1005675909026518, 1.1005675909026518
20, 500, 42, 21, 14, 1.1005675909026518, 1.1005675909026518, 1.1005675909026518
21, 500, 59, 36, 27, 1.0514681950122136, 1.0514681950122136, 1.0514681950122136
21, 500, 81, 45, 27, 1.0514681950122136, 1.0514681950122136, 1.0514681950122136
21, 500, 63, 40, 27, 1.0514681950122136, 1.0514681950122136, 1.0514681950122136
21, 500, 42, 23, 27, 1.0514681950122136, 1.0514681950122136, 1.0514681950122136
21, 500, 89, 56, 27, 1.0514681950122136, 1.0514681950122136, 1.0514681950122136
21, 500, 45, 25, 27, 1.0514681950122136, 1.0514681950122136, 1.0514681950122136
21, 500, 58, 31, 27, 1.0514681950122136, 1.0514681950122136, 1.0514681950122136
21, 500, 63, 43, 27, 1.0514681950122136, 1.0514681950122136, 1.0514681950122136
21, 500, 41, 26, 27, 1.0514681950122136, 1.0514681950122136, 1.0514681950122136
21, 500, 51, 37, 27, 1.0514681950122136, 1.0514681950122136, 1.0514681950122136
21, 500, 43, 24, 27, 1.0514681950122136, 1.0514681950122136, 1.0514681950122136
21, 500, 51, 28, 27, 1.0514681950122136, 1.0514681950122136, 1.0514681950122136
21, 500, 90, 55, 27, 1.0514681950122136, 1.0514681950122136, 1.0514681950122136
21, 500, 46, 28, 27, 1.0514681950122136, 1.0514681950122136, 1.0514681950122136
21, 500, 54, 34, 27, 1.0514681950122136, 1.0514681950122136, 1.0514681950122136
21, 500, 90, 53, 27, 1.0514681950122136, 1.0514681950122136, 1.0514681950122136
21, 500, 58, 30, 27, 1.0514681950122136, 1.0514681950122136, 1.0514681950122136
21, 500, 59, 33, 27, 1.0514681950122136, 1.0514681950122136, 1.0514681950122136
21, 500, 90, 52, 27, 1.0514681950122136, 1.0514681950122136, 1.0514681950122136
21, 500, 44, 28, 27, 1.0514681950122136, 1.0514681950122136, 1.0514681950122136
21, 500, 43, 24, 27, 1.0514681950122136, 1.0514681950122136, 1.0514681950122136
21, 500, 88, 58, 27, 1.0514681950122136, 1.0514681950122136, 1.0514681950122136
21, 500, 45, 27, 27, 1.0514681950122136, 1.0514681950122136, 1.0514681950122136
21, 500, 91, 51, 27, 1.0514681950122136, 1.0514681950122136, 1.0514681950122136
21, 500, 49, 38, 27, 1.0514681950122136, 1.0514681950122136, 1.0514681950122136
21, 500, 48, 28, 27, 1.0514681950122136, 1.0514681950122136, 1.0514681950122136
21, 500, 78, 45, 27, 1.0514681950122136, 1.0514681950122136, 1.0514681950122136
21, 500, 90, 56, 27, 1.0514681950122136, 1.0514681950122136, 1.0514681950122136
21, 500, 38, 24, 27, 1.0514681950122136, 1.0514681950122136, 1.0514681950122136
21, 500, 50, 33, 27, 1.0514681950122136, 1.0514681950122136, 1.0514681950122136
21, 500, 62, 38, 27, 1.0514681950122136, 1.0514681950122136, 1.0514681950122136
21, 500, 90, 55, 27, 1.0514681950122136, 1.0514681950122136, 1.0514681950122136
21, 500, 44, 26, 27, 1.0514681950122136, 1.0514681950122136, 1.0514681950122136
21, 500, 54, 31, 27, 1.0514681950122136, 1.0514681950122136, 1.0514681950122136
21, 500, 46, 31, 27, 1.0514681950122136, 1.0514681950122136, 1.0514681950122136
21, 500, 56, 36, 27, 1.0514681950122136, 1.0514681950122136, 1.0514681950122136
21, 500, 53, 36, 27, 1.0514681950122136, 1.0514681950122136, 1.0514681950122136
21, 500, 80, 49, 27, 1.0514681950122136, 1.0514681950122136, 1.0514681950122136
21, 500, 82, 52, 27, 1.0514681950122136, 1.0514681950122136, 1.0514681950122136
21, 500, 66, 34, 27, 1.0514681950122136, 1.0514681950122136, 1.0514681950122136
21, 500, 87, 49, 27, 1.0514681950122136, 1.0514681950122136, 1.0514681950122136
21, 500, 72, 46, 27, 1.0514681950122136, 1.0514681950122136, 1.0514681950122136
21, 500, 60, 40, 27, 1.0514681950122136, 1.0514681950122136, 1.0514681950122136
21, 500, 47, 27, 27, 1.0514681950122136, 1.0514681950122136, 1.0514681950122136
21, 500, 63, 37, 27, 1.0514681950122136, 1.0514681950122136, 1.0514681950122136
21, 500, 58, 36, 27, 1.0514681950122136, 1.0514681950122136, 1.0514681950122136
21, 500, 44, 28, 27, 1.0514681950122136, 1.0514681950122136, 1.0514681950122136
21, 500, 63, 42, 27, 1.0514681950122136, 1.0514681950122136, 1.0514681950122136
21, 500, 44, 26, 27, 1.0514681950122136, 1.0514681950122136, 1.0514681950122136
21, 500, 82, 43, 27, 1.0514681950122136, 1.0514681950122136, 1.0514681950122136
22, 500, 118, 73, 53, 1.0251814901369083, 1.0251814901369083, 1.0251814901369083
22, 500, 163, 99, 53, 1.0251814901369083, 1.0251814901369083, 1.0251814901369083
22, 500, 130, 73, 53, 1.0251814901369083, 1.0251814901369083, 1.0251814901369083
22, 500, 83, 50, 53, 1.0251814901369083, 1.0251814901369083, 1.0251814901369083
22, 500, 169, 112, 53, 1.0251814901369083, 1.0251814901369083, 1.0251814901369083
22, 500, 89, 49, 53, 1.0251814901369083, 1.0251814901369083, 1.0251814901369083
22, 500, 114, 60, 53, 1.0251814901369083, 1.0251814901369083, 1.0251814901369083
22, 500, 119, 78, 53, 1.0251814901369083, 1.0251814901369083, 1.0251814901369083
22, 500, 105, 63, 53, 1.0251814901369083, 1.0251814901369083, 1.0251814901369083
22, 500, 115, 74, 53, 1.0251814901369083, 1.0251814901369083, 1.0251814901369083
22, 500, 91, 50, 53, 1.0251814901369083, 1.0251814901369083, 1.0251814901369083
22, 500, 88, 51, 53, 1.0251814901369083, 1.0251814901369083, 1.0251814901369083
22, 500, 169, 101, 53, 1.0251814901369083, 1.0251814901369083, 1.0251814901369083
22, 500, 99, 62, 53, 1.0251814901369083, 1.0251814901369083, 1.0251814901369083
22, 500, 105, 72, 53, 1.0251814901369083, 1.0251814901369083, 1.0251814901369083
22, 500, 178, 102, 53, 1.0251814901369083, 1.0251814901369083, 1.0251814901369083
22, 500, 115, 60, 53, 1.0251814901369083, 1.0251814901369083, 1.0251814901369083
22, 500, 137, 74, 53, 1.0251814901369083, 1.0251814901369083, 1.0251814901369083
22, 500, 177, 108, 53, 1.0251814901369083, 1.0251814901369083, 1.0251814901369083
22, 500, 101, 60, 53, 1.0251814901369083, 1.0251814901369083, 1.0251814901369083
22, 500, 94, 56, 53, 1.0251814901369083, 1.0251814901369083, 1.0251814901369083
22, 500, 179, 108, 53, 1.0251814901369083, 1.0251814901369083, 1.0251814901369083
22, 500, 87, 55, 53, 1.0251814901369083, 1.0251814901369083, 1.0251814901369083
22, 500, 173, 108, 53, 1.0251814901369083, 1.0251814901369083, 1.0251814901369083
22, 500, 107, 64, 53, 1.0251814901369083, 1.0251814901369083, 1.0251814901369083
22, 500, 105, 62, 53, 1.0251814901369083, 1.0251814901369083, 1.0251814901369083
22, 500, 142, 78, 53, 1.0251814901369083, 1.0251814901369083, 1.0251814901369083
22, 500, 182, 110, 53, 1.0251814901369083, 1.0251814901369083, 1.0251814901369083
22, 500, 88, 55, 53, 1.0251814901369083, 1.0251814901369083, 1.0251814901369083
22, 500, 106, 63, 53, 1.0251814901369083, 1.0251814901369083, 1.0251814901369083
22, 500, 132, 83, 53, 1.0251814901369083, 1.0251814901369083, 1.0251814901369083
22, 500, 170, 94, 53, 1.0251814901369083, 1.0251814901369083, 1.0251814901369083
22, 500, 104, 57, 53, 1.0251814901369083, 1.0251814901369083, 1.0251814901369083
22, 500, 102, 63, 53, 1.0251814901369083, 1.0251814901369083, 1.0251814901369083
22, 500, 87, 50, 53, 1.0251814901369083, 1.0251814901369083, 1.0251814901369083
22, 500, 119, 69, 53, 1.0251814901369083, 1.0251814901369083, 1.0251814901369083
22, 500, 109, 72, 53, 1.0251814901369083, 1.0251814901369083, 1.0251814901369083
22, 500, 172, 108, 53, 1.0251814901369083, 1.0251814901369083, 1.0251814901369083
22, 500, 168, 102, 53, 1.0251814901369083, 1.0251814901369083, 1.0251814901369083
22, 500, 119, 66, 53, 1.0251814901369083, 1.0251814901369083, 1.0251814901369083
22, 500, 184, 105, 53, 1.0251814901369083, 1.0251814901369083, 1.0251814901369083
22, 500, 133, 82, 53, 1.0251814901369083, 1.0251814901369083, 1.0251814901369083
22, 500, 111, 67, 53, 1.0251814901369083, 1.0251814901369083, 1.0251814901369083
22, 500, 95, 61, 53, 1.0251814901369083, 1.0251814901369083, 1.0251814901369083
22, 500, 123, 75, 53, 1.0251814901369083, 1.0251814901369083, 1.0251814901369083
22, 500, 113, 66, 53, 1.0251814901369083, 1.0251814901369083, 1.0251814901369083
22, 500, 95, 62, 53, 1.0251814901369083, 1.0251814901369083, 1.0251814901369083
22, 500, 134, 87, 53, 1.0251814901369083, 1.0251814901369083, 1.0251814901369083
22, 500, 94, 47, 53, 1.0251814901369083, 1.0251814901369083, 1.0251814901369083
22, 500, 160, 98, 53, 1.0251814901369083, 1.0251814901369083, 1.0251814901369083
23, 500, 250, 145, 105, 1.0126460901247858, 1.0126460901247858, 1.0126460901247858
23, 500, 331, 190, 105, 1.0126460901247858, 1.0126460901247858, 1.0126460901247858
23, 500, 265, 160, 105, 1.0126460901247858, 1.0126460901247858, 1.0126460901247858
23, 500, 188, 106, 105, 1.0126460901247858, 1.0126460901247858, 1.0126460901247858
23, 500, 344, 213, 105, 1.0126460901247858, 1.0126460901247858, 1.0126460901247858
23, 500, 180, 111, 105, 1.0126460901247858, 1.0126460901247858, 1.0126460901247858
23, 500, 229, 124, 105, 1.0126460901247858, 1.0126460901247858, 1.0126460901247858
23, 500, 253, 166, 105, 1.0126460901247858, 1.0126460901247858, 1.0126460901247858
23, 500, 201, 119, 105, 1.0126460901247858, 1.0126460901247858, 1.0126460901247858
23, 500, 221, 145, 105, 1.0126460901247858, 1.0126460901247858, 1.0126460901247858
23, 500, 173, 102, 105, 1.0126460901247858, 1.0126460901247858, 1.0126460901247858
23, 500, 184, 116, 105, 1.0126460901247858, 1.0126460901247858, 1.0126460901247858
23, 500, 360, 211, 105, 1.0126460901247858, 1.0126460901247858, 1.0126460901247858
23, 500, 196, 114, 105, 1.0126460901247858, 1.0126460901247858, 1.0126460901247858
23, 500, 232, 142, 105, 1.0126460901247858, 1.0126460901247858, 1.0126460901247858
23, 500, 347, 214, 105, 1.0126460901247858, 1.0126460901247858, 1.0126460901247858
23, 500, 228, 121, 105, 1.0126460901247858, 1.0126460901247858, 1.0126460901247858
23, 500, 259, 144, 105, 1.0126460901247858, 1.0126460901247858, 1.0126460901247858
23, 500, 339, 207, 105, 1.0126460901247858, 1.0126460901247858, 1.0126460901247858
23, 500, 206, 122, 105, 1.0126460901247858, 1.0126460901247858, 1.0126460901247858
23, 500, 173, 103, 105, 1.0126460901247858, 1.0126460901247858, 1.0126460901247858
23, 500, 357, 213, 105, 1.0126460901247858, 1.0126460901247858, 1.0126460901247858
23, 500, 200, 110, 105, 1.0126460901247858, 1.0126460901247858, 1.0126460901247858
23, 500, 340, 216, 105, 1.0126460901247858, 1.0126460901247858, 1.0126460901247858
23, 500, 227, 144, 105, 1.0126460901247858, 1.0126460901247858, 1.0126460901247858
23, 500, 202, 117, 105, 1.0126460901247858, 1.0126460901247858, 1.0126460901247858
23, 500, 278, 165, 105, 1.0126460901247858, 1.0126460901247858, 1.0126460901247858
23, 500, 362, 214, 105, 1.0126460901247858, 1.0126460901247858, 1.0126460901247858
23, 500, 194, 119, 105, 1.0126460901247858, 1.0126460901247858, 1.0126460901247858
23, 500, 191, 121, 105, 1.0126460901247858, 1.0126460901247858, 1.0126460901247858
23, 500, 246, 154, 105, 1.0126460901247858, 1.0126460901247858, 1.0126460901247858
23, 500, 363, 204, 105, 1.0126460901247858, 1.0126460901247858, 1.0126460901247858
23, 500, 192, 120, 105, 1.0126460901247858, 1.0126460901247858, 1.0126460901247858
23, 500, 201, 118, 105, 1.0126460901247858, 1.0126460901247858, 1.0126460901247858
23, 500, 176, 103, 105, 1.0126460901247858, 1.0126460901247858, 1.0126460901247858
23, 500, 216, 135, 105, 1.0126460901247858, 1.0126460901247858, 1.0126460901247858
23, 500, 217, 135, 105, 1.0126460901247858, 1.0126460901247858, 1.0126460901247858
23, 500, 339, 202, 105, 1.0126460901247858, 1.0126460901247858, 1.0126460901247858
23, 500, 316, 187, 105, 1.0126460901247858, 1.0126460901247858, 1.0126460901247858
23, 500, 257, 139, 105, 1.0126460901247858, 1.0126460901247858, 1.0126460901247858
23, 500, 341, 208, 105, 1.0126460901247858, 1.0126460901247858, 1.0126460901247858
23, 500, 298, 161, 105, 1.0126460901247858, 1.0126460901247858, 1.0126460901247858
23, 500, 244, 150, 105, 1.0126460901247858, 1.0126460901247858, 1.0126460901247858
23, 500, 186, 104, 105, 1.0126460901247858, 1.0126460901247858, 1.0126460901247858
23, 500, 234, 139, 105, 1.0126460901247858, 1.0126460901247858, 1.0126460901247858
23, 500, 232, 141, 105, 1.0126460901247858, 1.0126460901247858, 1.0126460901247858
23, 500, 186, 110, 105, 1.0126460901247858, 1.0126460901247858, 1.0126460901247858
23, 500, 295, 184, 105, 1.0126460901247858, 1.0126460901247858, 1.0126460901247858
23, 500, 190, 96, 105, 1.0126460901247858, 1.0126460901247858, 1.0126460901247858
23, 500, 332, 203, 105, 1.0126460901247858, 1.0126460901247858, 1.0126460901247858
24, 500, 503, 294, 210, 1.0062336395412173, 1.0062336395412173, 1.0062336395412173
24, 500, 662, 387, 210, 1.0062336395412173, 1.0062336395412173, 1.0062336395412173
24, 500, 561, 336, 210, 1.0062336395412173, 1.0062336395412173, 1.0062336395412173
24, 500, 387, 198, 210, 1.0062336395412173, 1.0062336395412173, 1.0062336395412173
24, 500, 728, 439, 210, 1.0062336395412173, 1.0062336395412173, 1.0062336395412173
24, 500, 370, 214, 210, 1.0062336395412173, 1.0062336395412173, 1.0062336395412173
24, 500, 468, 255, 210, 1.0062336395412173, 1.0062336395412173, 1.0062336395412173
24, 500, 524, 334, 210, 1.0062336395412173, 1.0062336395412173, 1.0062336395412173
24, 500, 398, 240, 210, 1.0062336395412173, 1.0062336395412173, 1.0062336395412173
24, 500, 449, 281, 210, 1.0062336395412173, 1.0062336395412173, 1.0062336395412173
24, 500, 360, 208, 210, 1.0062336395412173, 1.0062336395412173, 1.0062336395412173
24, 500, 389, 240, 210, 1.0062336395412173, 1.0062336395412173, 1.0062336395412173
24, 500, 705, 421, 210, 1.0062336395412173, 1.0062336395412173, 1.0062336395412173
24, 500, 401, 227, 210, 1.0062336395412173, 1.0062336395412173, 1.0062336395412173
24, 500, 423, 274, 210, 1.0062336395412173, 1.0062336395412173, 1.0062336395412173
24, 500, 718, 445, 210, 1.0062336395412173, 1.0062336395412173, 1.0062336395412173
24, 500, 448, 255, 210, 1.0062336395412173, 1.0062336395412173, 1.0062336395412173
24, 500, 480, 274, 210, 1.0062336395412173, 1.0062336395412173, 1.0062336395412173
24, 500, 698, 422, 210, 1.0062336395412173, 1.0062336395412173, 1.0062336395412173
24, 500, 411, 234, 210, 1.0062336395412173, 1.0062336395412173, 1.0062336395412173
24, 500, 348, 211, 210, 1.0062336395412173, 1.0062336395412173, 1.0062336395412173
24, 500, 689, 424, 210, 1.0062336395412173, 1.0062336395412173, 1.0062336395412173
24, 500, 377, 225, 210, 1.0062336395412173, 1.0062336395412173, 1.0062336395412173
24, 500, 712, 411, 210, 1.0062336395412173, 1.0062336395412173, 1.0062336395412173
24, 500, 455, 288, 210, 1.0062336395412173, 1.0062336395412173, 1.0062336395412173
24, 500, 391, 238, 210, 1.0062336395412173, 1.0062336395412173, 1.0062336395412173
24, 500, 572, 335, 210, 1.0062336395412173, 1.0062336395412173, 1.0062336395412173
24, 500, 689, 404, 210, 1.0062336395412173, 1.0062336395412173, 1.0062336395412173
24, 500, 376, 236, 210, 1.0062336395412173, 1.0062336395412173, 1.0062336395412173
24, 500, 394, 236, 210, 1.0062336395412173, 1.0062336395412173, 1.0062336395412173
24, 500, 490, 313, 210, 1.0062336395412173, 1.0062336395412173, 1.0062336395412173
24, 500, 727, 431, 210, 1.0062336395412173, 1.0062336395412173, 1.0062336395412173
24, 500, 379, 245, 210, 1.0062336395412173, 1.0062336395412173, 1.0062336395412173
24, 500, 388, 250, 210, 1.0062336395412173, 1.0062336395412173, 1.0062336395412173
24, 500, 364, 204, 210, 1.0062336395412173, 1.0062336395412173, 1.0062336395412173
24, 500, 440, 272, 210, 1.0062336395412173, 1.0062336395412173, 1.0062336395412173
24, 500, 447, 286, 210, 1.0062336395412173, 1.0062336395412173, 1.0062336395412173
24, 500, 696, 404, 210, 1.0062336395412173, 1.0062336395412173, 1.0062336395412173
24, 500, 628, 367, 210, 1.0062336395412173, 1.0062336395412173, 1.0062336395412173
24, 500, 510, 287, 210, 1.0062336395412173, 1.0062336395412173, 1.0062336395412173
24, 500, 711, 418, 210, 1.0062336395412173, 1.0062336395412173, 1.0062336395412173
24, 500, 551, 324, 210, 1.0062336395412173, 1.0062336395412173, 1.0062336395412173
24, 500, 443, 293, 210, 1.0062336395412173, 1.0062336395412173, 1.0062336395412173
24, 500, 353, 213, 210, 1.0062336395412173, 1.0062336395412173, 1.0062336395412173
24, 500, 459, 285, 210, 1.0062336395412173, 1.0062336395412173, 1.0062336395412173
24, 500, 460, 271, 210, 1.0062336395412173, 1.0062336395412173, 1.0062336395412173
24, 500, 396, 237, 210, 1.0062336395412173, 1.0062336395412173, 1.0062336395412173
24, 500, 577, 354, 210, 1.0062336395412173, 1.0062336395412173, 1.0062336395412173
24, 500, 350, 184, 210, 1.0062336395412173, 1.0062336395412173, 1.0062336395412173
24, 500, 669, 381, 210, 1.0062336395412173, 1.0062336395412173, 1.0062336395412173
25, 500, 1008, 602, 420, 1.0030654112760287, 1.0030654112760287, 1.0030654112760287
25, 500, 1339, 769, 420, 1.0030654112760287, 1.0030654112760287, 1.0030654112760287
25, 500, 1109, 667, 420, 1.0030654112760287, 1.0030654112760287, 1.0030654112760287
25, 500, 743, 395, 420, 1.0030654112760287, 1.0030654112760287, 1.0030654112760287
25, 500, 1402, 859, 420, 1.0030654112760287, 1.0030654112760287, 1.0030654112760287
25, 500, 754, 453, 420, 1.0030654112760287, 1.0030654112760287, 1.0030654112760287
25, 500, 896, 499, 420, 1.0030654112760287, 1.0030654112760287, 1.0030654112760287
25, 500, 1036, 674, 420, 1.0030654112760287, 1.0030654112760287, 1.0030654112760287
25, 500, 773, 461, 420, 1.0030654112760287, 1.0030654112760287, 1.0030654112760287
25, 500, 863, 547, 420, 1.0030654112760287, 1.0030654112760287, 1.0030654112760287
25, 500, 704, 408, 420, 1.0030654112760287, 1.0030654112760287, 1.0030654112760287
25, 500, 739, 460, 420, 1.0030654112760287, 1.0030654112760287, 1.0030654112760287
25, 500, 1435, 867, 420, 1.0030654112760287, 1.0030654112760287, 1.0030654112760287
25, 500, 841, 474, 420, 1.0030654112760287, 1.0030654112760287, 1.0030654112760287
25, 500, 879, 557, 420, 1.0030654112760287, 1.0030654112760287, 1.0030654112760287
25, 500, 1420, 855, 420, 1.0030654112760287, 1.0030654112760287, 1.0030654112760287
25, 500, 900, 507, 420, 1.0030654112760287, 1.0030654112760287, 1.0030654112760287
25, 500, 969, 547, 420, 1.0030654112760287, 1.0030654112760287, 1.0030654112760287
25, 500, 1405, 857, 420, 1.0030654112760287, 1.0030654112760287, 1.0030654112760287
25, 500, 828, 502, 420, 1.0030654112760287, 1.0030654112760287, 1.0030654112760287
25, 500, 718, 421, 420, 1.0030654112760287, 1.0030654112760287, 1.0030654112760287
25, 500, 1384, 835, 420, 1.0030654112760287, 1.0030654112760287, 1.0030654112760287
25, 500, 748, 458, 420, 1.0030654112760287, 1.0030654112760287, 1.0030654112760287
25, 500, 1411, 832, 420, 1.0030654112760287, 1.0030654112760287, 1.0030654112760287
25, 500, 930, 570, 420, 1.0030654112760287, 1.0030654112760287, 1.0030654112760287
25, 500, 801, 480, 420, 1.0030654112760287, 1.0030654112760287, 1.0030654112760287
25, 500, 1180, 680, 420, 1.0030654112760287, 1.0030654112760287, 1.0030654112760287
25, 500, 1399, 845, 420, 1.0030654112760287, 1.0030654112760287, 1.0030654112760287
25, 500, 777, 475, 420, 1.0030654112760287, 1.0030654112760287, 1.0030654112760287
25, 500, 805, 503, 420, 1.0030654112760287, 1.0030654112760287, 1.0030654112760287
25, 500, 1007, 635, 420, 1.0030654112760287, 1.0030654112760287, 1.0030654112760287
25, 500, 1407, 855, 420, 1.0030654112760287, 1.0030654112760287, 1.0030654112760287
25, 500, 778, 476, 420, 1.0030654112760287, 1.0030654112760287, 1.0030654112760287
25, 500, 819, 496, 420, 1.0030654112760287, 1.0030654112760287, 1.0030654112760287
25, 500, 723, 427, 420, 1.0030654112760287, 1.0030654112760287, 1.0030654112760287
25, 500, 845, 533, 420, 1.0030654112760287, 1.0030654112760287, 1.0030654112760287
25, 500, 862, 549, 420, 1.0030654112760287, 1.0030654112760287, 1.0030654112760287
25, 500, 1340, 791, 420, 1.0030654112760287, 1.0030654112760287, 1.0030654112760287
25, 500, 1279, 745, 420, 1.0030654112760287, 1.0030654112760287, 1.0030654112760287
25, 500, 984, 548, 420, 1.0030654112760287, 1.0030654112760287, 1.0030654112760287
25, 500, 1407, 841, 420, 1.0030654112760287, 1.0030654112760287, 1.0030654112760287
25, 500, 1107, 644, 420, 1.0030654112760287, 1.0030654112760287, 1.0030654112760287
25, 500, 921, 589, 420, 1.0030654112760287, 1.0030654112760287, 1.0030654112760287
25, 500, 693, 419, 420, 1.0030654112760287, 1.0030654112760287, 1.0030654112760287
25, 500, 920, 595, 420, 1.0030654112760287, 1.0030654112760287, 1.0030654112760287
25, 500, 922, 568, 420, 1.0030654112760287, 1.0030654112760287, 1.0030654112760287
25, 500, 793, 475, 420, 1.0030654112760287, 1.0030654112760287, 1.0030654112760287
25, 500, 1173, 734, 420, 1.0030654112760287, 1.0030654112760287, 1.0030654112760287
25, 500, 706, 354, 420, 1.0030654112760287, 1.0030654112760287, 1.0030654112760287
25, 500, 1365, 782, 420, 1.0030654112760287, 1.0030654112760287, 1.0030654112760287
