25, 217, 143, 868
25, 448, 241, 1193
25, 193, 134, 781
25, 454, 262, 1336
25, 550, 330, 1708
25, 563, 336, 1737
25, 522, 305, 1626
25, 385, 213, 1083
25, 369, 205, 971
25, 319, 184, 958
25, 291, 168, 872
25, 338, 198, 1048
25, 588, 355, 1727
25, 300, 158, 871
25, 333, 193, 1057
25, 396, 214, 1099
25, 489, 284, 1413
25, 279, 175, 935
25, 595, 358, 1736
25, 388, 256, 1302
25, 514, 302, 1531
25, 541, 335, 1796
25, 512, 303, 1572
25, 564, 331, 1750
25, 375, 215, 1216
25, 412, 274, 1419
25, 286, 169, 887
25, 291, 171, 925
25, 296, 199, 1196
25, 393, 252, 1333
25, 376, 211, 1078
25, 567, 331, 1747
25, 549, 339, 1758
25, 419, 270, 1394
25, 309, 172, 898
25, 390, 221, 1122
25, 325, 189, 945
25, 241, 133, 738
25, 536, 317, 1769
25, 318, 192, 1080
25, 563, 346, 1748
25, 343, 217, 1128
25, 347, 198, 1058
25, 270, 156, 929
25, 353, 190, 953
25, 415, 260, 1344
25, 275, 188, 1079
25, 433, 265, 1476
25, 482, 282, 1582
25, 288, 162, 957
25, 651, 398, 2081
25, 1121, 675, 3550
25, 636, 384, 2101
25, 731, 410, 2128
25, 1132, 678, 3446
25, 784, 505, 2800
25, 763, 434, 2245
25, 945, 585, 3186
25, 605, 344, 1833
25, 761, 484, 2600
25, 565, 332, 1720
25, 615, 377, 2030
25, 1059, 615, 3129
25, 710, 398, 2059
25, 744, 489, 2650
25, 1106, 643, 3428
25, 775, 440, 2141
25, 815, 467, 2529
25, 1153, 663, 3477
25, 846, 466, 2416
25, 820, 507, 2714
25, 1095, 664, 3590
25, 680, 429, 2418
25, 1154, 687, 3459
25, 1103, 669, 3542
25, 880, 504, 2740
25, 1074, 637, 3333
25, 1089, 655, 3599
25, 631, 389, 2079
25, 580, 349, 1866
25, 834, 529, 2925
25, 1134, 687, 3526
25, 855, 560, 3136
25, 681, 422, 2188
25, 598, 346, 1730
25, 726, 467, 2461
25, 743, 482, 2518
25, 1121, 675, 3508
25, 1089, 651, 3564
25, 873, 486, 2451
25, 1129, 683, 3458
25, 990, 583, 3097
25, 793, 505, 2674
25, 543, 325, 1828
25, 809, 531, 2843
25, 1025, 578, 2995
25, 744, 419, 2212
25, 1131, 683, 3499
25, 737, 425, 2275
25, 595, 370, 1988
25, 1350, 770, 3995
25, 1701, 988, 5303
25, 1346, 774, 3965
25, 1017, 576, 2923
25, 1692, 1015, 5327
25, 1129, 709, 3771
25, 829, 489, 2698
25, 913, 558, 3006
25, 756, 404, 2080
25, 888, 534, 2883
25, 835, 496, 2675
25, 894, 541, 2867
25, 1664, 990, 5291
25, 1699, 1021, 5316
25, 988, 655, 3446
25, 1702, 1039, 5220
25, 1028, 584, 2963
25, 1004, 580, 3064
25, 1696, 1009, 5199
25, 1691, 1031, 5333
25, 1252, 719, 3858
25, 1656, 1002, 5336
25, 941, 609, 3249
25, 1693, 997, 5275
25, 879, 535, 2863
25, 1192, 759, 4147
25, 1304, 719, 3779
25, 1585, 968, 5108
25, 914, 554, 2936
25, 943, 570, 3011
25, 1123, 721, 3840
25, 1219, 728, 3932
25, 1109, 715, 3828
25, 968, 594, 3038
25, 855, 513, 2663
25, 1681, 1008, 5293
25, 880, 527, 2850
25, 1703, 1000, 5237
25, 1133, 677, 3706
25, 829, 503, 2706
25, 1431, 881, 4751
25, 947, 563, 2898
25, 861, 511, 2821
25, 1523, 929, 5305
25, 909, 557, 2972
25, 1697, 1029, 5352
25, 1068, 592, 3225
25, 1668, 1018, 5307
25, 939, 542, 2871
25, 1429, 817, 4185
25, 1524, 850, 4364
25, 2225, 1341, 7133
25, 1515, 865, 4584
25, 1293, 762, 3834
25, 2284, 1359, 6960
25, 1393, 856, 4608
25, 1324, 743, 4023
25, 2207, 1352, 7127
25, 1162, 695, 3674
25, 1280, 775, 4180
25, 1130, 669, 3544
25, 1173, 714, 3720
25, 2201, 1316, 7095
25, 1834, 1150, 6226
25, 1271, 797, 4290
25, 2221, 1350, 7053
25, 1321, 759, 3884
25, 1395, 781, 4148
25, 2248, 1355, 7050
25, 1904, 1176, 6354
25, 1535, 849, 4437
25, 2279, 1361, 7090
25, 1174, 718, 3985
25, 2246, 1342, 7027
25, 1482, 802, 4093
25, 1208, 829, 4423
25, 1629, 1034, 5676
25, 2233, 1323, 7088
25, 1190, 736, 3843
25, 1226, 740, 3883
25, 1402, 873, 4584
25, 961, 525, 2867
25, 1369, 856, 4650
25, 1234, 765, 3925
25, 1144, 677, 3550
25, 1984, 1143, 6015
25, 1313, 812, 4083
25, 2239, 1338, 6943
25, 885, 614, 3364
25, 1402, 777, 4118
25, 245, 163, 932
25, 1773, 1111, 6126
25, 1319, 824, 4301
25, 1615, 1032, 5610
25, 1304, 816, 4474
25, 1904, 1199, 6554
25, 1804, 1155, 6142
25, 1992, 1253, 6638
25, 1339, 753, 3984
25, 1698, 929, 4850
25, 1854, 1048, 5544
25, 2224, 1420, 7669
25, 1945, 1079, 5459
25, 2245, 1432, 7605
25, 2805, 1728, 8816
25, 1543, 948, 5114
25, 1634, 909, 4736
25, 2774, 1672, 8875
25, 1422, 860, 4579
25, 1557, 954, 5082
25, 1400, 856, 4414
25, 1428, 894, 4674
25, 2265, 1408, 7639
25, 1995, 1273, 6877
25, 1537, 961, 5184
25, 2814, 1677, 8863
25, 1574, 917, 4786
25, 1728, 957, 4904
25, 2758, 1673, 8809
25, 1894, 1190, 6517
25, 1466, 883, 4595
25, 2829, 1672, 8882
25, 1520, 943, 5022
25, 2802, 1650, 8827
25, 2853, 1686, 8813
25, 1468, 889, 4698
25, 1451, 875, 4696
25, 2521, 1488, 7690
25, 1490, 904, 4763
25, 1426, 837, 4523
25, 1688, 1046, 5501
25, 2038, 1158, 6008
25, 2412, 1377, 7042
25, 1504, 890, 4801
25, 1416, 812, 4405
25, 2060, 1214, 6228
25, 1593, 977, 5081
25, 2841, 1694, 8716
25, 2849, 1684, 8896
25, 1656, 941, 5084
25, 1830, 1145, 6155
25, 1570, 950, 5227
25, 1578, 966, 5217
25, 1855, 1194, 6334
25, 1569, 981, 5351
25, 2748, 1682, 8933
25, 2039, 1288, 6892
25, 2787, 1668, 8921
25, 2830, 1692, 8917
25, 1918, 1073, 5673
25, 2101, 1196, 6369
25, 2053, 1296, 6772
25, 2225, 1227, 6246
25, 2401, 1529, 8221
25, 2483, 1556, 8352
25, 1886, 1171, 6384
25, 1927, 1116, 5664
25, 3348, 2010, 10641
25, 1740, 1025, 5494
25, 1723, 1008, 5523
25, 1706, 1037, 5325
25, 1748, 1056, 5476
25, 1923, 1168, 6478
25, 1896, 1131, 6128
25, 3161, 1847, 9652
25, 3338, 2003, 10577
25, 3368, 2023, 10631
25, 2020, 1143, 5865
25, 2688, 1590, 8515
25, 1721, 1027, 5479
25, 2490, 1582, 8506
25, 2694, 1630, 8703
25, 1810, 1104, 5866
25, 2925, 1831, 9798
25, 3396, 2055, 10572
25, 1997, 1241, 6617
25, 2623, 1483, 7705
25, 2739, 1552, 8119
25, 3362, 2015, 10663
25, 1169, 799, 4379
25, 3416, 2036, 10791
25, 2288, 1289, 6798
25, 2672, 1487, 7686
25, 1148, 785, 4357
25, 1668, 991, 5395
25, 1718, 1025, 5445
25, 1706, 1015, 5371
25, 2407, 1486, 7850
25, 3432, 2061, 10690
25, 3324, 1980, 10671
25, 2065, 1313, 6931
25, 3375, 2029, 10549
25, 3166, 1832, 9806
25, 2151, 1367, 7225
25, 1691, 1031, 5451
25, 3322, 1978, 10675
25, 2296, 1433, 7668
25, 3366, 1998, 10642
25, 3384, 2020, 10560
25, 1792, 1058, 5615
25, 1961, 1159, 6516
25, 1716, 1013, 5254
25, 2034, 1206, 6371
25, 2411, 1515, 8228
25, 1835, 1090, 5812
25, 2164, 1338, 7256
25, 2194, 1289, 6620
25, 3948, 2378, 12491
25, 2014, 1175, 6356
25, 3363, 1944, 10150
25, 1980, 1184, 6192
25, 1997, 1190, 6435
25, 2683, 1691, 9225
25, 3733, 2176, 11497
25, 3347, 1923, 9942
25, 3918, 2338, 12430
25, 3264, 2064, 10956
25, 3204, 2015, 10911
25, 1558, 1061, 5690
25, 2491, 1562, 8491
25, 2680, 1690, 9213
25, 1449, 935, 5126
25, 2128, 1296, 6753
25, 1428, 912, 4878
25, 3946, 2348, 12393
25, 1935, 1252, 6985
25, 2918, 1648, 8487
25, 1436, 961, 5269
25, 3531, 2066, 10793
25, 2017, 1227, 6536
25, 3636, 2155, 10930
25, 2611, 1473, 7543
25, 2937, 1632, 8421
25, 2043, 1238, 6541
25, 3207, 2044, 10909
25, 2769, 1741, 9402
25, 3505, 2035, 10570
25, 1754, 1069, 5545
25, 3979, 2358, 12293
25, 3308, 2078, 11126
25, 2342, 1447, 7726
25, 3946, 2375, 12404
25, 3376, 1891, 10022
25, 3975, 2375, 12232
25, 3515, 2067, 10731
25, 3916, 2346, 12403
25, 2495, 1599, 8407
25, 3698, 2262, 11980
25, 3956, 2336, 12464
25, 2496, 1372, 7372
25, 2735, 1544, 8013
25, 1889, 1205, 6539
25, 3468, 2186, 11908
25, 2856, 1821, 9903
25, 2903, 1774, 9262
25, 2392, 1476, 8021
25, 2476, 1437, 7470
25, 4331, 2617, 13945
25, 2348, 1360, 7204
25, 3582, 2069, 10765
25, 2244, 1338, 7085
25, 2331, 1409, 7274
25, 1843, 1225, 6776
25, 3868, 2240, 11482
25, 3587, 2027, 10517
25, 4473, 2648, 14170
25, 3452, 2170, 11388
25, 3330, 2103, 11367
25, 2795, 1697, 9101
25, 2335, 1403, 7381
25, 2932, 1858, 9947
25, 490, 324, 1807
25, 2387, 1442, 7552
25, 484, 320, 1752
25, 4460, 2640, 14252
25, 2528, 1533, 8323
25, 3205, 1799, 9218
25, 3078, 1925, 10153
25, 3764, 2169, 11029
25, 2325, 1422, 7490
25, 3806, 2137, 11192
25, 2896, 1642, 8351
25, 2984, 1734, 8875
25, 2325, 1408, 7521
25, 3351, 2133, 11454
25, 2217, 1520, 8740
25, 3704, 2123, 11153
25, 2879, 1758, 9565
25, 4508, 2680, 14146
25, 3415, 2140, 11537
25, 2633, 1641, 8623
25, 4333, 2583, 13573
25, 3606, 2032, 10541
25, 4496, 2675, 14092
25, 3794, 2154, 11109
25, 4352, 2597, 13605
25, 2737, 1695, 9168
25, 4480, 2701, 14185
25, 4530, 2688, 14215
25, 2772, 1569, 8243
25, 3056, 1717, 8891
25, 3099, 1879, 9747
25, 3625, 2314, 12500
25, 3104, 1952, 10663
25, 2695, 1614, 8736
25, 2709, 1697, 8867
25, 2502, 1508, 8083
25, 5034, 2987, 15972
25, 2628, 1546, 8047
25, 3826, 2181, 11523
25, 2540, 1495, 7986
25, 2568, 1533, 8212
25, 2085, 1474, 8259
25, 3502, 2065, 10923
25, 3893, 2206, 11189
25, 5055, 3014, 15952
25, 3578, 2266, 12169
25, 3535, 2221, 12010
25, 2697, 1609, 8483
25, 2366, 1607, 8901
25, 3197, 2058, 10835
25, 2620, 1549, 8219
25, 2690, 1610, 8473
25, 5061, 3031, 15938
25, 4157, 2635, 14234
25, 2817, 1742, 9179
25, 3476, 1960, 9955
25, 2878, 1732, 9238
25, 4036, 2271, 11566
25, 2623, 1582, 8246
25, 4070, 2302, 11943
25, 2644, 1567, 8314
25, 3432, 1929, 10059
25, 4874, 2850, 15046
25, 3565, 2270, 12183
25, 2927, 1826, 9587
25, 3798, 2114, 11310
25, 4985, 3010, 16027
25, 4734, 2892, 15489
25, 3616, 2338, 12294
25, 2887, 1796, 9475
25, 3955, 2366, 12352
25, 3875, 2179, 11276
25, 5039, 3034, 16152
25, 3882, 2171, 10981
25, 5101, 3047, 15992
25, 2996, 1840, 10110
25, 5040, 3034, 16002
25, 5064, 3047, 15871
25, 3032, 1713, 9133
25, 3365, 1910, 9756
25, 4414, 2497, 12722
25, 3797, 2406, 13080
25, 3379, 2134, 11419
25, 4245, 2387, 12462
25, 3029, 1852, 9792
25, 4590, 2920, 15601
25, 5676, 3318, 17697
25, 2918, 1726, 9048
25, 4099, 2329, 12344
25, 2817, 1686, 8879
25, 2853, 1704, 9074
25, 3561, 2202, 11504
25, 3172, 1868, 10050
25, 4132, 2338, 11888
25, 5627, 3375, 17744
25, 3805, 2414, 12996
25, 3778, 2379, 12838
25, 5651, 3348, 17799
25, 3320, 2078, 10936
25, 3486, 2169, 11576
25, 5600, 3363, 17826
25, 2947, 1773, 9273
25, 5672, 3416, 17640
25, 4082, 2551, 13828
25, 2824, 1800, 9682
25, 2859, 1697, 8964
25, 3773, 2421, 12803
25, 4304, 2401, 12319
25, 5131, 3021, 16008
25, 4317, 2424, 12490
25, 4948, 3066, 16529
25, 3730, 2105, 10866
25, 5024, 2876, 14908
25, 3828, 2402, 12874
25, 5604, 3329, 17839
25, 4180, 2328, 12503
25, 5530, 3368, 17825
25, 4592, 2854, 15196
25, 3831, 2441, 12957
25, 5596, 3352, 17818
25, 3573, 2162, 11323
25, 4164, 2317, 11952
25, 4740, 2935, 15927
25, 4313, 2424, 12410
25, 5321, 3238, 17114
25, 3280, 2040, 10846
25, 5418, 3297, 17379
25, 5612, 3377, 17760
25, 3315, 1895, 9915
25, 3597, 2052, 10687
25, 4642, 2617, 13417
25, 3483, 2124, 11345
25, 3703, 2274, 12269
25, 4533, 2562, 13300
25, 3320, 2020, 10753
25, 4687, 2983, 16107
25, 6125, 3648, 19565
25, 3190, 1886, 9808
25, 4272, 2419, 12600
25, 3108, 1823, 9720
25, 3066, 1842, 10063
25, 3733, 2325, 12580
25, 6192, 3701, 19253
25, 4122, 2332, 12209
25, 6063, 3627, 19516
25, 4056, 2563, 13695
25, 3885, 2431, 13314
25, 6232, 3730, 19474
25, 3587, 2219, 11791
25, 3143, 1909, 9882
25, 6184, 3670, 19420
25, 3166, 1939, 10345
25, 6197, 3694, 19603
25, 3781, 2303, 12444
25, 5927, 3522, 18172
25, 4042, 2266, 11609
25, 3993, 2501, 13582
25, 4579, 2552, 13109
25, 5387, 3120, 16171
25, 3729, 2204, 11625
25, 4923, 3093, 16884
25, 3038, 1845, 9999
25, 5149, 2914, 15107
25, 4065, 2547, 13663
25, 6226, 3671, 19547
25, 4287, 2439, 12897
25, 6119, 3698, 19555
25, 6170, 3673, 19377
25, 3922, 2460, 13158
25, 6110, 3716, 19669
25, 3410, 2057, 10762
25, 3994, 2295, 11960
25, 4857, 3049, 16310
25, 3953, 2314, 12064
25, 6256, 3705, 19447
25, 3549, 2205, 11676
25, 5738, 3396, 17662
25, 6186, 3706, 19425
25, 3590, 2066, 10929
25, 3864, 2214, 11529
25, 4924, 2756, 14292
25, 4379, 2746, 14685
25, 3509, 2127, 11182
25, 4807, 2724, 14167
25, 3634, 2195, 11550
25, 4886, 3096, 16728
25, 6750, 4025, 21171
25, 3273, 1894, 9904
25, 3609, 2157, 11386
25, 3334, 2002, 10530
25, 2880, 1839, 9929
25, 4008, 2498, 13314
25, 6749, 4044, 21277
25, 3552, 2111, 11000
25, 5350, 3319, 17829
25, 3756, 2305, 12509
25, 3644, 2226, 11667
25, 6633, 3963, 21337
25, 3852, 2370, 12630
25, 4009, 2488, 13310
25, 6719, 4018, 21292
25, 3479, 2081, 11142
25, 6724, 4050, 21308
25, 3688, 2233, 11731
25, 6017, 3480, 18094
25, 4320, 2440, 12501
25, 4244, 2685, 14458
25, 4178, 2425, 12725
25, 5616, 3187, 16729
25, 3461, 2065, 11090
25, 5047, 3187, 17300
25, 4298, 2402, 12437
25, 5462, 3096, 15946
25, 4306, 2682, 14487
25, 6760, 4056, 21188
25, 3606, 2120, 11401
25, 6728, 3992, 21434
25, 6754, 4021, 21146
25, 3572, 2170, 11791
25, 6734, 4001, 21188
25, 6737, 4045, 21161
25, 3503, 2098, 11181
25, 6746, 4059, 21230
25, 3431, 2024, 10651
25, 6758, 4050, 21272
25, 3838, 2366, 12539
25, 5082, 3034, 16019
25, 6220, 3588, 18940
25, 3465, 2030, 10747
25, 3671, 2196, 11641
25, 5177, 2931, 15146
25, 4659, 2917, 15603
25, 4112, 2546, 13496
25, 5151, 2876, 14896
25, 3886, 2395, 12489
25, 5105, 3194, 17285
25, 7264, 4353, 23234
25, 3682, 2168, 11713
25, 5753, 3619, 19480
25, 3642, 2142, 11534
25, 3641, 2186, 11865
25, 4245, 2644, 14182
25, 7093, 4201, 22156
25, 5695, 3582, 19361
25, 4595, 2804, 14634
25, 3642, 2182, 11683
25, 7308, 4360, 23034
25, 7207, 4285, 23110
25, 4097, 2557, 13649
25, 4243, 2656, 14216
25, 7347, 4372, 22983
25, 3780, 2273, 11968
25, 7254, 4413, 23101
25, 4936, 3129, 16739
25, 5991, 3500, 18261
25, 4573, 2565, 13492
25, 4501, 2793, 15127
25, 3207, 2037, 11022
25, 5474, 3163, 16656
25, 7331, 4360, 22907
25, 5239, 3322, 18143
25, 4606, 2574, 13196
25, 5513, 3147, 16272
25, 3397, 1980, 10238
25, 7289, 4399, 22997
25, 5744, 3631, 19229
25, 7307, 4344, 23169
25, 7322, 4380, 22821
25, 7284, 4327, 23093
25, 7224, 4308, 22981
25, 7329, 4367, 23007
25, 7321, 4374, 23042
25, 7356, 4369, 22940
25, 5119, 2859, 14782
25, 7245, 4337, 23047
25, 4149, 2533, 13425
25, 4735, 2878, 15107
25, 7282, 4350, 22999
25, 6562, 4077, 21794
25, 4367, 2532, 13373
25, 5423, 3030, 15845
25, 4925, 3098, 16438
25, 7894, 4737, 24786
25, 5418, 3034, 15548
25, 4184, 2545, 13390
25, 5386, 3375, 18231
25, 7870, 4733, 24926
25, 3936, 2361, 12711
25, 4931, 3331, 18191
25, 3928, 2335, 12427
25, 3893, 2345, 12758
25, 4475, 2770, 15196
25, 7840, 4689, 24694
25, 4984, 3354, 18353
25, 3021, 1882, 10094
25, 5898, 3266, 16991
25, 7436, 4366, 22602
25, 7763, 4664, 24883
25, 4337, 2653, 14531
25, 4493, 2775, 15044
25, 7873, 4693, 24731
25, 4011, 2418, 12937
25, 7789, 4653, 24920
25, 5197, 3273, 17588
25, 6424, 3698, 19126
25, 4808, 2713, 14282
25, 4797, 2990, 16163
25, 6524, 4101, 22017
25, 6107, 3425, 18013
25, 7864, 4719, 24791
25, 5518, 3521, 18716
25, 4871, 2729, 14172
25, 5955, 3332, 17463
25, 4773, 2972, 16212
25, 7873, 4683, 24990
25, 5046, 3379, 18258
25, 7963, 4698, 24782
25, 7807, 4672, 24890
25, 7348, 4363, 22877
25, 7872, 4638, 24842
25, 7840, 4622, 24776
25, 7125, 4405, 23277
25, 7889, 4747, 24619
25, 4769, 2767, 14451
25, 7805, 4700, 24852
25, 4404, 2691, 14481
25, 3249, 2157, 11591
25, 7883, 4714, 24683
25, 6522, 4074, 21817
25, 4666, 2685, 14242
25, 5749, 3228, 16565
25, 4639, 2850, 15034
25, 8441, 5082, 26488
25, 5720, 3201, 16456
25, 4427, 2646, 14198
25, 5588, 3565, 18868
25, 8436, 5088, 26777
25, 4118, 2415, 12907
25, 6078, 3891, 20820
25, 7419, 4623, 24773
25, 4294, 2587, 13645
25, 4780, 2966, 15870
25, 8382, 5017, 26844
25, 6040, 3764, 20638
25, 1900, 1226, 6615
25, 6713, 3851, 19891
25, 7516, 4365, 22444
25, 8366, 5016, 26680
25, 4590, 2829, 15425
25, 4172, 2499, 13631
25, 8393, 5000, 26591
25, 4351, 2605, 13852
25, 8343, 5001, 26630
25, 5005, 3077, 16375
25, 6741, 3841, 19662
25, 5088, 2886, 15269
25, 5053, 3147, 16907
25, 6579, 4162, 22747
25, 6430, 3595, 18624
25, 7223, 4546, 24348
25, 5220, 3484, 18728
25, 5148, 2902, 15051
25, 6189, 3460, 18032
25, 5021, 3134, 17016
25, 8353, 5024, 26671
25, 6034, 3837, 20784
25, 8458, 5026, 26631
25, 8353, 5004, 26419
25, 7528, 4351, 22693
25, 8265, 4981, 26579
25, 8425, 5012, 26574
25, 6957, 4313, 23554
25, 8476, 5103, 26704
25, 5547, 3117, 16243
25, 8368, 5021, 26659
25, 4686, 2889, 15355
25, 1965, 1294, 7031
25, 8395, 5023, 26486
25, 6624, 4150, 22252
25, 4962, 2859, 15020
25, 5994, 3355, 17522
25, 5392, 3369, 18216
25, 8956, 5323, 28178
25, 5924, 3357, 17245
25, 4670, 2880, 15169
25, 5845, 3664, 19686
25, 8962, 5396, 28343
25, 4546, 2722, 14411
25, 6278, 3965, 21497
25, 7404, 4630, 24995
25, 4565, 2741, 14338
25, 5069, 3075, 16788
25, 8447, 5158, 27452
25, 6163, 3911, 21498
25, 1022, 649, 3607
25, 7116, 4034, 20915
25, 7724, 4418, 23018
25, 8997, 5412, 28462
25, 4909, 3012, 16337
25, 5024, 3091, 16893
25, 8986, 5379, 28501
25, 4622, 2811, 14738
25, 8964, 5412, 28324
25, 4622, 2792, 14905
25, 6963, 3933, 20591
25, 5375, 3062, 16188
25, 5358, 3285, 17743
25, 6725, 4324, 23193
25, 6595, 3724, 19591
25, 7167, 4536, 24675
25, 5979, 3785, 20212
25, 5415, 3116, 15932
25, 6494, 3621, 18921
25, 5301, 3296, 17783
25, 8594, 5100, 26838
25, 6308, 3942, 21324
25, 9000, 5367, 28439
25, 8815, 5235, 27665
25, 7760, 4416, 23033
25, 8356, 4877, 25561
25, 8275, 5113, 27150
25, 6954, 4378, 23898
25, 7847, 4898, 26134
25, 5886, 3321, 17437
25, 8801, 5282, 28132
25, 4919, 3015, 16322
25, 5788, 3540, 18539
25, 8988, 5304, 28438
25, 6705, 4291, 22982
25, 5306, 3093, 15886
25, 5491, 3174, 16778
25, 5595, 3508, 19074
25, 9532, 5673, 30264
25, 6250, 3519, 18114
25, 4953, 2988, 16115
25, 6089, 3819, 20546
25, 9608, 5753, 30006
25, 4863, 2915, 15196
25, 6482, 4124, 22135
25, 7444, 4729, 25506
25, 4888, 2966, 15311
25, 5383, 3339, 17661
25, 8124, 5103, 27165
25, 6457, 4077, 22108
25, 5167, 3069, 16161
25, 7422, 4170, 21521
25, 7937, 4527, 23771
25, 9419, 5661, 30095
25, 5223, 3234, 17257
25, 5301, 3268, 17785
25, 9484, 5681, 30238
25, 4871, 2925, 15615
25, 9571, 5723, 30284
25, 8432, 5204, 27958
25, 7196, 4036, 21206
25, 5703, 3240, 16835
25, 5218, 3247, 17002
25, 6926, 4382, 23885
25, 6945, 3937, 20298
25, 7253, 4617, 25085
25, 6259, 3961, 20997
25, 5701, 3263, 16915
25, 6785, 3749, 19707
25, 5605, 3495, 18801
25, 8645, 5020, 26536
25, 6488, 4103, 22200
25, 9530, 5738, 30028
25, 9411, 5649, 30289
25, 8005, 4558, 23661
25, 8501, 4912, 25766
25, 7581, 4652, 24945
25, 7165, 4565, 24575
25, 9516, 5693, 29991
25, 6216, 3503, 18013
25, 9523, 5755, 30182
25, 5129, 3147, 17183
25, 8142, 4694, 24155
25, 9494, 5735, 30198
25, 6912, 4387, 23712
25, 5564, 3241, 16716
25, 6251, 3408, 17245
25, 5893, 3635, 19935
25, 10119, 6019, 31860
25, 5407, 3139, 16742
25, 5249, 3139, 17019
25, 6271, 3926, 21489
25, 10115, 6011, 31763
25, 5158, 3065, 16146
25, 6759, 4274, 23013
25, 7601, 4789, 26130
25, 5149, 3098, 16231
25, 10156, 6152, 31890
25, 7679, 4790, 25749
25, 6679, 4255, 23107
25, 7807, 4429, 22662
25, 7724, 4330, 22319
25, 8126, 4638, 24396
25, 9635, 5677, 29340
25, 5570, 3379, 17912
25, 5628, 3468, 18519
25, 9414, 5710, 30555
25, 5142, 3122, 16462
25, 9827, 5910, 31549
25, 8287, 5205, 28044
25, 7527, 4247, 21949
25, 6003, 3424, 17735
25, 10036, 6023, 31984
25, 7093, 4518, 24538
25, 7177, 4081, 21097
25, 7171, 4527, 24793
25, 6459, 3998, 21773
25, 5801, 3295, 17997
25, 7077, 4015, 20402
25, 5883, 3648, 19660
25, 8855, 5116, 26645
25, 6768, 4252, 22793
25, 8763, 5357, 28568
25, 9932, 5980, 32039
25, 8049, 4607, 23980
25, 8718, 5020, 26146
25, 7171, 4444, 23410
25, 7254, 4634, 25009
25, 10036, 5915, 31954
25, 6552, 3708, 18970
25, 10182, 6022, 31766
25, 5348, 3269, 18206
25, 8367, 4738, 24675
25, 10085, 5995, 32065
25, 6598, 4312, 23669
25, 5487, 3273, 17127
25, 6870, 3871, 20016
25, 6204, 3828, 20858
25, 10599, 6351, 33850
25, 9406, 5468, 28371
25, 5523, 3313, 17792
25, 6595, 4149, 22196
25, 10702, 6358, 33595
25, 5442, 3210, 16914
25, 6402, 3971, 21403
25, 7726, 4938, 26711
25, 5439, 3263, 17085
25, 10783, 6411, 33688
25, 7237, 4490, 24051
25, 6522, 4072, 21810
25, 8069, 4556, 23294
25, 6605, 3905, 20444
25, 7220, 4297, 22421
25, 8423, 5515, 29409
25, 5831, 3592, 18965
25, 5968, 3671, 19498
25, 8713, 5174, 27243
25, 5395, 3270, 17500
25, 7189, 4470, 23918
25, 10675, 6325, 33604
25, 7732, 4408, 22808
25, 6279, 3567, 18542
25, 9391, 5813, 31650
25, 6654, 4111, 21949
25, 7439, 4146, 21837
25, 6820, 4249, 22764
25, 6715, 4196, 22668
25, 6144, 3519, 18630
25, 7407, 4114, 21262
25, 6228, 3875, 20453
25, 9102, 5167, 27140
25, 6145, 3812, 20370
25, 10252, 6179, 32515
25, 10517, 6277, 34081
25, 7096, 4234, 22105
25, 8935, 5111, 26546
25, 6881, 4183, 22330
25, 7135, 4455, 24003
25, 10615, 6381, 33821
25, 6770, 3804, 19814
25, 10745, 6363, 33597
25, 5686, 3462, 19072
25, 10673, 6402, 33727
25, 10614, 6408, 33815
25, 7310, 4584, 25270
25, 6122, 3565, 18526
25, 7142, 4046, 20822
25, 6446, 4017, 21721
25, 11211, 6714, 35589
25, 9954, 6175, 32778
25, 5829, 3502, 18778
25, 6850, 4289, 23191
25, 11218, 6673, 35436
25, 5749, 3408, 17756
25, 6270, 3805, 20080
25, 7987, 5001, 27564
25, 11306, 6731, 35351
25, 10005, 6072, 31957
25, 6968, 4343, 23166
25, 6287, 3800, 20398
25, 8298, 4686, 24048
25, 6269, 3699, 19765
25, 6816, 4030, 21583
25, 10611, 6203, 32414
25, 6092, 3707, 19714
25, 6257, 3811, 20398
25, 11241, 6754, 35485
25, 5683, 3399, 18435
25, 8233, 5033, 26719
25, 11181, 6668, 35583
25, 8061, 4495, 23389
25, 6532, 3761, 19549
25, 10959, 6496, 34614
25, 6397, 3902, 20923
25, 7784, 4356, 22682
25, 6690, 4081, 21671
25, 6927, 4355, 23481
25, 6451, 3693, 19633
25, 7675, 4307, 22098
25, 6466, 4003, 21283
25, 8275, 4867, 25914
25, 6049, 3679, 19280
25, 11239, 6679, 35397
25, 11116, 6629, 35639
25, 6791, 4031, 21157
25, 9164, 5260, 27226
25, 6644, 4062, 21765
25, 6908, 4242, 22438
25, 11167, 6686, 35541
25, 7076, 3940, 20550
25, 11271, 6809, 35445
25, 6020, 3673, 19802
25, 11233, 6768, 35426
25, 11176, 6663, 35599
25, 7501, 4698, 26059
25, 6380, 3724, 19369
25, 5942, 3570, 19020
25, 6780, 4207, 22370
25, 10346, 6478, 34571
25, 11785, 7059, 37111
25, 6122, 3704, 19790
25, 7086, 4453, 23888
25, 11560, 6836, 36656
25, 5965, 3546, 18723
25, 6101, 3663, 19364
25, 8210, 5242, 28217
25, 11708, 7011, 37270
25, 10194, 6339, 33985
25, 6203, 3951, 21463
25, 6108, 3643, 19721
25, 8591, 4810, 24905
25, 6015, 3596, 19129
25, 6617, 3978, 20711
25, 11766, 7077, 37127
25, 5533, 3546, 19256
25, 6483, 3937, 21281
25, 11797, 7086, 37374
25, 5958, 3633, 19361
25, 7894, 4788, 25465
25, 11830, 7082, 37180
25, 8339, 4691, 24219
25, 6120, 3342, 17447
25, 11796, 7043, 37417
25, 6337, 3805, 20210
25, 8025, 4486, 23495
25, 6574, 3962, 21080
25, 6832, 4352, 23673
25, 6146, 3406, 17592
25, 7861, 4402, 22994
25, 6698, 4132, 22159
25, 7476, 4438, 23485
25, 5928, 3586, 18855
25, 11854, 7083, 37010
25, 11331, 6719, 35400
25, 6531, 3888, 20575
25, 9491, 5380, 27770
25, 6156, 3810, 20400
25, 6723, 4070, 21556
25, 11808, 7034, 37426
25, 7316, 4128, 21624
25, 11809, 7118, 37244
25, 6339, 3834, 20609
25, 11794, 7042, 37158
25, 11769, 7023, 37362
25, 7830, 4926, 26682
25, 6453, 3787, 20247
25, 12350, 7396, 39271
25, 7077, 4349, 23331
25, 10256, 6436, 34821
25, 12408, 7397, 39102
25, 6439, 3868, 20541
25, 7376, 4579, 24557
25, 11987, 7116, 37212
25, 6185, 3709, 19683
25, 7740, 4804, 26015
25, 8447, 5312, 28906
25, 12359, 7456, 38955
25, 12263, 7361, 39214
25, 6777, 4112, 21863
25, 7783, 4854, 26204
25, 8856, 4959, 25677
25, 12368, 7366, 39143
25, 6504, 3897, 20196
25, 12217, 7318, 39181
25, 6621, 4030, 21475
25, 6732, 4140, 22213
25, 12340, 7279, 38987
25, 6255, 3754, 20140
25, 7669, 4711, 24800
25, 12423, 7411, 38860
25, 8637, 4846, 25035
25, 5902, 3234, 16412
25, 12356, 7367, 39218
25, 6243, 3717, 19633
25, 8366, 4672, 24376
25, 6495, 3868, 20698
25, 6943, 4357, 22965
25, 6038, 3253, 16225
25, 8157, 4567, 23700
25, 6941, 4334, 23160
25, 7452, 4482, 23950
25, 12405, 7441, 39264
25, 12352, 7396, 39012
25, 10447, 6296, 33338
25, 6336, 3789, 20186
25, 8816, 5126, 26724
25, 6412, 3844, 20693
25, 6646, 3978, 20912
25, 11303, 7024, 37040
25, 7595, 4284, 22428
25, 12241, 7389, 39161
25, 6698, 4065, 21677
25, 12346, 7434, 38844
25, 12395, 7339, 39078
25, 7899, 4923, 26891
25, 6119, 3482, 18198
25, 12883, 7744, 40917
25, 6560, 3936, 20895
25, 10387, 6572, 35214
25, 12918, 7741, 40656
25, 5718, 3623, 19692
25, 7663, 4783, 25550
25, 10923, 6583, 35040
25, 6461, 3868, 20394
25, 7998, 4953, 26897
25, 8712, 5495, 29781
25, 12828, 7671, 40941
25, 12760, 7657, 40784
25, 6657, 4004, 21462
25, 7974, 4991, 26995
25, 9049, 5066, 26652
25, 12850, 7660, 40914
25, 9581, 5370, 27632
25, 12802, 7616, 41046
25, 6902, 4194, 22385
25, 6986, 4315, 23061
25, 12963, 7746, 40801
25, 6555, 3947, 21107
25, 7441, 4559, 24154
25, 12895, 7681, 40758
25, 7534, 4447, 23018
25, 7328, 4225, 22184
25, 12953, 7739, 40912
25, 10660, 6061, 31854
25, 8643, 4845, 25153
25, 11922, 7338, 39156
25, 6715, 4075, 21721
25, 7450, 4265, 22155
25, 8383, 4730, 24791
25, 7182, 4447, 24067
25, 7296, 4373, 23324
25, 12990, 7747, 40617
25, 12988, 7775, 40657
25, 9827, 5908, 31273
25, 9539, 5388, 27840
25, 8211, 4801, 25549
25, 8928, 5631, 30647
25, 6506, 3884, 20535
25, 12950, 7664, 40645
25, 7349, 4267, 22501
25, 10899, 6720, 35760
25, 6975, 4209, 22357
25, 12875, 7691, 40906
25, 12758, 7684, 40690
25, 7454, 4571, 24443
25, 5987, 3300, 16963
25, 13417, 8028, 42496
25, 12280, 7167, 37196
25, 12985, 7657, 40532
25, 13495, 8093, 42462
25, 5149, 3432, 18678
25, 7335, 4455, 23644
25, 10179, 6154, 32933
25, 6762, 4061, 21606
25, 8240, 5179, 27963
25, 8998, 5613, 30391
25, 13087, 7894, 42419
25, 13438, 8060, 42681
25, 9314, 5952, 31666
25, 8238, 5174, 27823
25, 9388, 5232, 27419
25, 12900, 7663, 40165
25, 9895, 5512, 28356
25, 13351, 7982, 42806
25, 7106, 4363, 23178
25, 7279, 4376, 23876
25, 13491, 8033, 42626
25, 5698, 3632, 19650
25, 7280, 4391, 23764
25, 13540, 8118, 42569
25, 7117, 4240, 22071
25, 7653, 4406, 23211
25, 13530, 8125, 42571
25, 10402, 5981, 31580
25, 8121, 4714, 24377
25, 13418, 7996, 42070
25, 12023, 6927, 36478
25, 7734, 4388, 22968
25, 7820, 4517, 23860
25, 7424, 4555, 25027
25, 7145, 4277, 22717
25, 13443, 7962, 42473
25, 13426, 8046, 42505
25, 9413, 5664, 30008
25, 9758, 5458, 28541
25, 7852, 4649, 24802
25, 8952, 5707, 31237
25, 13444, 8015, 42661
25, 13521, 8096, 42435
25, 13422, 8136, 42556
25, 10224, 6323, 33591
25, 7252, 4419, 23377
25, 13411, 8012, 42567
25, 13475, 8011, 42478
25, 7124, 4326, 23368
25, 5928, 3207, 16267
25, 14007, 8415, 44470
25, 12381, 7159, 37461
25, 14041, 8401, 44315
25, 13991, 8340, 44601
25, 7208, 4369, 23190
25, 7023, 4184, 22378
25, 9837, 5963, 31553
25, 7084, 4235, 22298
25, 8522, 5347, 28694
25, 7914, 4794, 25299
25, 13482, 8233, 43319
25, 13978, 8314, 44657
25, 9554, 6021, 32513
25, 8524, 5301, 28711
25, 9673, 5462, 28044
25, 14066, 8388, 44281
25, 10136, 5687, 29149
25, 14037, 8396, 44542
25, 7468, 4545, 24182
25, 7559, 4633, 24769
25, 14031, 8400, 44189
25, 7199, 4310, 22726
25, 7229, 4354, 23233
25, 13970, 8381, 44366
25, 11437, 7206, 38507
25, 7935, 4572, 23951
25, 14085, 8396, 44438
25, 10880, 6245, 32410
25, 7442, 4389, 23159
25, 14080, 8440, 44450
25, 12312, 7067, 36759
25, 8012, 4610, 23933
25, 7182, 4307, 22772
25, 6416, 3755, 20000
25, 7048, 4197, 22339
25, 14094, 8426, 44608
25, 13886, 8296, 44410
25, 9141, 5551, 29522
25, 10130, 5649, 29206
25, 7576, 4539, 24253
25, 9509, 5984, 32186
25, 14004, 8365, 44264
25, 14062, 8424, 44137
25, 14007, 8374, 44522
25, 9959, 6079, 32204
25, 7494, 4555, 24217
25, 14016, 8323, 44299
25, 14065, 8424, 44205
25, 7166, 4263, 22586
25, 7832, 4572, 23743
25, 14637, 8743, 46080
25, 12507, 7237, 37937
25, 14569, 8746, 46151
25, 14537, 8757, 46263
25, 7479, 4523, 24050
25, 12316, 7033, 36546
25, 9522, 5753, 30829
25, 7392, 4398, 23164
25, 7804, 5079, 27826
25, 7076, 4156, 21994
25, 14522, 8667, 46247
25, 14486, 8724, 45960
25, 9726, 6169, 33165
25, 7937, 5165, 27937
25, 10005, 5605, 28948
25, 14596, 8731, 46154
25, 10377, 5815, 30193
25, 14556, 8730, 46099
25, 7763, 4692, 24975
25, 7907, 4792, 25589
25, 14570, 8711, 46281
25, 7447, 4451, 23570
25, 11569, 6523, 34001
25, 14580, 8747, 46205
25, 11526, 7278, 39075
25, 8271, 4776, 24573
25, 14618, 8703, 46095
25, 11550, 6485, 33548
25, 10662, 7040, 38124
25, 14658, 8743, 46083
25, 12479, 7160, 37107
25, 8245, 4792, 24898
25, 10739, 7036, 38148
25, 8067, 4966, 26664
25, 14614, 8802, 46173
25, 13521, 8235, 44632
25, 14471, 8637, 46215
25, 8880, 5399, 28433
25, 10403, 5839, 29980
25, 7459, 4466, 23870
25, 9761, 6144, 33059
25, 13851, 8479, 44785
25, 14609, 8733, 45781
25, 14250, 8658, 45555
25, 9622, 5885, 31246
25, 7707, 4643, 24771
25, 14611, 8731, 46057
25, 14599, 8735, 46341
25, 14561, 8746, 46140
25, 8153, 4748, 24673
25, 15267, 9095, 47646
25, 12203, 6903, 36224
25, 15167, 9078, 47970
25, 15049, 9032, 48142
25, 7789, 4664, 24915
25, 13104, 7589, 39883
25, 7891, 5004, 27385
25, 7721, 4644, 23952
25, 9065, 5625, 30305
25, 9705, 6052, 32670
25, 15140, 8999, 48004
25, 15226, 9026, 47918
25, 9995, 6287, 33962
25, 9060, 5644, 30240
25, 10304, 5769, 29764
25, 15140, 9066, 47890
25, 10605, 5945, 30840
25, 15244, 9125, 47948
25, 8101, 4948, 25799
25, 14607, 8702, 45400
25, 15214, 9075, 47837
25, 7741, 4650, 24326
25, 11867, 6715, 34692
25, 14570, 8699, 46244
25, 10754, 7019, 38068
25, 8535, 4939, 25521
25, 15179, 9079, 47744
25, 11824, 6614, 34220
25, 12277, 7696, 41674
25, 15156, 9031, 47956
25, 12730, 7240, 37514
25, 8484, 4902, 25605
25, 12220, 7755, 41337
25, 8383, 5182, 27619
25, 15034, 8907, 47657
25, 15028, 9090, 48259
25, 15069, 9051, 48051
25, 8682, 5237, 27776
25, 10656, 5964, 30889
25, 11002, 6136, 32259
25, 10014, 6294, 33946
25, 15189, 9110, 47792
25, 15116, 9048, 47817
25, 13550, 8363, 44501
25, 7799, 4789, 25578
25, 7985, 4890, 25790
25, 15146, 9053, 47865
25, 15172, 9058, 47805
25, 14826, 8803, 46638
25, 8395, 4890, 25586
25, 15758, 9341, 49672
25, 13031, 7475, 38982
25, 15669, 9374, 49699
25, 15579, 9321, 49959
25, 8097, 4930, 25628
25, 13411, 7672, 40328
25, 6048, 3884, 20942
25, 7942, 4740, 24833
25, 9361, 5795, 31342
25, 9867, 6202, 33427
25, 15758, 9420, 49677
25, 15757, 9398, 49751
25, 10176, 6424, 34692
25, 9368, 5875, 31188
25, 10561, 5918, 30478
25, 15737, 9371, 49585
25, 10874, 6104, 31482
25, 15808, 9437, 49758
25, 8324, 5086, 26693
25, 14659, 8571, 44510
25, 15754, 9427, 49636
25, 7934, 4765, 25592
25, 12188, 6843, 35439
25, 15613, 9382, 49787
25, 9906, 6695, 36380
25, 8866, 5058, 26356
25, 15678, 9346, 49665
25, 12036, 6824, 35011
25, 12336, 7836, 41959
25, 15712, 9405, 49667
25, 11552, 6538, 33734
25, 8781, 5074, 26500
25, 12374, 7833, 41963
25, 8747, 5418, 28333
25, 15561, 9218, 48956
25, 15523, 9313, 50158
25, 15672, 9346, 49999
25, 7090, 4560, 24745
25, 11024, 6146, 31605
25, 9799, 5689, 30015
25, 10222, 6436, 34501
25, 15775, 9411, 49492
25, 14353, 8838, 47328
25, 13382, 8324, 44742
25, 6078, 3813, 20440
25, 8245, 5006, 26792
25, 15681, 9364, 49678
25, 15709, 9403, 49707
25, 14638, 8618, 45372
25, 8654, 5060, 26548
25, 15533, 9380, 50110
25, 13362, 7628, 39603
25, 15504, 9491, 49987
25, 16193, 9653, 51435
25, 8412, 5062, 26569
25, 13612, 7846, 40991
25, 4872, 3109, 17017
25, 8226, 4885, 25850
25, 9578, 5976, 32112
25, 10173, 6325, 34549
25, 16351, 9820, 51706
25, 16304, 9721, 51551
25, 10467, 6549, 35402
25, 9651, 5975, 31934
25, 10806, 6061, 31399
25, 16284, 9706, 51425
25, 11169, 6204, 32519
25, 16352, 9769, 51454
25, 8633, 5229, 27462
25, 14736, 8493, 44530
25, 16254, 9770, 51420
25, 8266, 4940, 26109
25, 12415, 6973, 36132
25, 16236, 9699, 51470
25, 11938, 7625, 40809
25, 9126, 5305, 27490
25, 16030, 9526, 50246
25, 12361, 6944, 35755
25, 12458, 7919, 42563
25, 16294, 9767, 51272
25, 13204, 7522, 38847
25, 9076, 5273, 27347
25, 12408, 7839, 42283
25, 8993, 5473, 29101
25, 16247, 9707, 51650
25, 16212, 9700, 51506
25, 16222, 9706, 51596
25, 5323, 3443, 18384
25, 11172, 6255, 32533
25, 9263, 5490, 29270
25, 10398, 6586, 35424
25, 16267, 9760, 51432
25, 16290, 9820, 51309
25, 13328, 8360, 44975
25, 4883, 3083, 16518
25, 8572, 5215, 27447
25, 16237, 9726, 51476
25, 16236, 9695, 51431
25, 14851, 8623, 45238
25, 8799, 5212, 27528
25, 14692, 9028, 48150
25, 13629, 7772, 40234
25, 14951, 9280, 49475
25, 15833, 9671, 51328
25, 8656, 5206, 27537
25, 13917, 7908, 41313
25, 3821, 2499, 13449
25, 15365, 9420, 50448
25, 9887, 6122, 32980
25, 10398, 6526, 35255
25, 16178, 9517, 50622
25, 16725, 10064, 53410
25, 10329, 6466, 34668
25, 9887, 6104, 32796
25, 11032, 6209, 32465
25, 16805, 10050, 53424
25, 11443, 6351, 33218
25, 16343, 9615, 50925
25, 8821, 5336, 28512
25, 14853, 8588, 44928
25, 16871, 10058, 52960
25, 8524, 5066, 27024
25, 12635, 7068, 37047
25, 16822, 10050, 53243
25, 12148, 7761, 41320
25, 9352, 5419, 28111
25, 16913, 10110, 53000
25, 12579, 7033, 36478
25, 12567, 7937, 43277
25, 16879, 10102, 53017
25, 13403, 7612, 39522
25, 9353, 5394, 28164
25, 12532, 7985, 43265
25, 9242, 5654, 30106
25, 15471, 9489, 50655
25, 16805, 10067, 53341
25, 15568, 9498, 50614
25, 12640, 7826, 41083
25, 11498, 6397, 33535
25, 9003, 5381, 28512
25, 10692, 6791, 36272
25, 16904, 10133, 53265
25, 16871, 10123, 53093
25, 13404, 8469, 45526
25, 3842, 2478, 13219
25, 8927, 5377, 28419
25, 16840, 10147, 53483
25, 16876, 10051, 52957
25, 14993, 8739, 45437
25, 9096, 5342, 28369
25, 14810, 9223, 49711
25, 13948, 7895, 40620
25, 17427, 10413, 55100
25, 17043, 10155, 53694
25, 8986, 5351, 28325
25, 14320, 8175, 41908
25, 2894, 1865, 10204
25, 14989, 9369, 50602
25, 9372, 5659, 30354
25, 10680, 6742, 36180
25, 16123, 9443, 49744
25, 17299, 10393, 55157
25, 11021, 6853, 37062
25, 9271, 5621, 29913
25, 11200, 6286, 32743
25, 16499, 10083, 53907
25, 10636, 6152, 32329
25, 16378, 10018, 53486
25, 9054, 5513, 29667
25, 15097, 8680, 45205
25, 16847, 10100, 53615
25, 8847, 5302, 28086
25, 11538, 6416, 33361
25, 17527, 10447, 54842
25, 12222, 7742, 42425
25, 9622, 5571, 29245
25, 16316, 9940, 53104
25, 12364, 6895, 35507
25, 12807, 8057, 43781
25, 17237, 10301, 54431
25, 13725, 7755, 40116
25, 9699, 5589, 29043
25, 12731, 8101, 43713
25, 9502, 5841, 30906
25, 15158, 9457, 50415
25, 17010, 10079, 53301
25, 17387, 10388, 55273
25, 12266, 7483, 39898
25, 10965, 6251, 33036
25, 8770, 5216, 27677
25, 10899, 6791, 37239
25, 16510, 9726, 51204
25, 17384, 10395, 54998
25, 13492, 8524, 46032
25, 2921, 1864, 10005
25, 9162, 5586, 29304
25, 17364, 10431, 54916
25, 17381, 10456, 54945
25, 14779, 8568, 45128
25, 9354, 5515, 29291
25, 14801, 9345, 49953
25, 14210, 7973, 41350
25, 18004, 10733, 56861
25, 16650, 10231, 54334
25, 9248, 5517, 29372
25, 14518, 8195, 42563
25, 11266, 6906, 36494
25, 14958, 9374, 50531
25, 9149, 5483, 28801
25, 10940, 6810, 37158
25, 16299, 9506, 49727
25, 17083, 10247, 54529
25, 10399, 6417, 33969
25, 8956, 5379, 28608
25, 11598, 6489, 34054
25, 16016, 9958, 52990
25, 9901, 5870, 30744
25, 17154, 10183, 53541
25, 9302, 5602, 30452
25, 14987, 8658, 45363
25, 18001, 10675, 56819
25, 9123, 5434, 28763
25, 9960, 5620, 29037
25, 17982, 10803, 56829
25, 12491, 7852, 42600
25, 9841, 5747, 30261
25, 17945, 10718, 56644
25, 11949, 6494, 33418
25, 12985, 8229, 44493
25, 16957, 10028, 52330
25, 13981, 7905, 40975
25, 9986, 5765, 29779
25, 12942, 8177, 44398
25, 9682, 5925, 31765
25, 15055, 9503, 50677
25, 17048, 10054, 51723
25, 18051, 10779, 56825
25, 11999, 7302, 38628
25, 10058, 5888, 31361
25, 17995, 10745, 56812
25, 11220, 7025, 37926
25, 16454, 9643, 50796
25, 17996, 10764, 56620
25, 13695, 8683, 46698
25, 11056, 6747, 36248
25, 9469, 5732, 30236
25, 17927, 10680, 57028
25, 17988, 10755, 56781
25, 15376, 8885, 46198
25, 9712, 5697, 30174
25, 14809, 9386, 50276
25, 14492, 8133, 42103
25, 18578, 11147, 58536
25, 16407, 10175, 53925
25, 9467, 5696, 30131
25, 14734, 8345, 43421
25, 11145, 6806, 35534
25, 15019, 9475, 51206
25, 10677, 6628, 35603
25, 11288, 7018, 37792
25, 16515, 9569, 49858
25, 18556, 11161, 58567
25, 10174, 6158, 32696
25, 18503, 11143, 58555
25, 11916, 6646, 34686
25, 15777, 9900, 53233
25, 9529, 5648, 29975
25, 18452, 11030, 58680
25, 9156, 5604, 30442
25, 15491, 8865, 46135
25, 18482, 11116, 58474
25, 9390, 5607, 29656
25, 9169, 5098, 26340
25, 17443, 10605, 56688
25, 12820, 8058, 43593
25, 10186, 5924, 30917
25, 17518, 10360, 54440
25, 11781, 6295, 31973
25, 13246, 8437, 45046
25, 17035, 10000, 52126
25, 14214, 8041, 41768
25, 10197, 5908, 30655
25, 13155, 8366, 45096
25, 9986, 6085, 32778
25, 15003, 9437, 51303
25, 16990, 9908, 51711
25, 18547, 11136, 58414
25, 11480, 7027, 36787
25, 9676, 5743, 30448
25, 18543, 11071, 58691
25, 10687, 6596, 34952
25, 16668, 9671, 50567
25, 18548, 11017, 58507
25, 13783, 8767, 47159
25, 10907, 6596, 35627
25, 9693, 5885, 31255
25, 18527, 11085, 58693
25, 18531, 11077, 58271
25, 15691, 8976, 46569
25, 10033, 5895, 30952
25, 14911, 9479, 50886
25, 14638, 8233, 42736
25, 19105, 11459, 60160
25, 16200, 10186, 54382
25, 9721, 5828, 31157
25, 15003, 8471, 44023
25, 10820, 6635, 34954
25, 15183, 9584, 51601
25, 10994, 6772, 36455
25, 11543, 7107, 38560
25, 16750, 9667, 50162
25, 19104, 11413, 60365
25, 8075, 5247, 28458
25, 18970, 11329, 60455
25, 12193, 6875, 35762
25, 15867, 9897, 53469
25, 12584, 7110, 36631
25, 19157, 11444, 60179
25, 9986, 5983, 32235
25, 15776, 8985, 46752
25, 19029, 11367, 60439
25, 9679, 5829, 30737
25, 8444, 4675, 23821
25, 16860, 10518, 56310
25, 13028, 8258, 44475
25, 10407, 6027, 31954
25, 17605, 10297, 54217
25, 13649, 7636, 39878
25, 13468, 8570, 45625
25, 17163, 10048, 52381
25, 14515, 8185, 42502
25, 10463, 6056, 31989
25, 13439, 8523, 45726
25, 10286, 6284, 33526
25, 18172, 10693, 56112
25, 17186, 9906, 51667
25, 19123, 11475, 60433
25, 10818, 6761, 36242
25, 19096, 11445, 60340
25, 18488, 10987, 57596
25, 8685, 5598, 30352
25, 16838, 9762, 51000
25, 17879, 10868, 58923
25, 14018, 8875, 47934
25, 10802, 6544, 34947
25, 9965, 6066, 32094
25, 19059, 11360, 60396
25, 19068, 11407, 60342
25, 15862, 8988, 47051
25, 10374, 6093, 31774
25, 15065, 9471, 51471
25, 14920, 8383, 43503
25, 19598, 11767, 62029
25, 16180, 10138, 54417
25, 9954, 5978, 32002
25, 15260, 8605, 44550
25, 10882, 6533, 34571
25, 15238, 9633, 52074
25, 11250, 6986, 37356
25, 11776, 7317, 39585
25, 16994, 9781, 50370
25, 19744, 11802, 62074
25, 9357, 6401, 35268
25, 19591, 11740, 62275
25, 12538, 7040, 36411
25, 15935, 9957, 53645
25, 12643, 7114, 38015
25, 19708, 11802, 62013
25, 10261, 6130, 33023
25, 16115, 9129, 47267
25, 19594, 11737, 62482
25, 9955, 5977, 31566
25, 7886, 4321, 21827
25, 18739, 11039, 58432
25, 13266, 8385, 45459
25, 10748, 6230, 32726
25, 17723, 10357, 54247
25, 13926, 7844, 40483
25, 13647, 8652, 46692
25, 16491, 9673, 51151
25, 14775, 8285, 42931
25, 9847, 5911, 31263
25, 13679, 8654, 46670
25, 10632, 6493, 34307
25, 18182, 10605, 55618
25, 17217, 9975, 52018
25, 19625, 11771, 62295
25, 11350, 6911, 36776
25, 19689, 11793, 62155
25, 18453, 10848, 56528
25, 7708, 5113, 27533
25, 17091, 9884, 51454
25, 19528, 11659, 62457
25, 14215, 9022, 48644
25, 10720, 6460, 34653
25, 10161, 6159, 33183
25, 19267, 11436, 60596
25, 19442, 11704, 62570
25, 16085, 9186, 47632
25, 10345, 6183, 32641
25, 15083, 9509, 51340
25, 15183, 8513, 44376
25, 19876, 11823, 62629
25, 16179, 10152, 54982
25, 10301, 6152, 32869
25, 15466, 8714, 45305
25, 10699, 6421, 34192
25, 15435, 9802, 52547
25, 11578, 7156, 37965
25, 12048, 7478, 40390
25, 17118, 9816, 50851
25, 20317, 12090, 63850
25, 8818, 6010, 33336
25, 20143, 12088, 64077
25, 11321, 6606, 34353
25, 15495, 9770, 52234
25, 12233, 6722, 35113
25, 20338, 12092, 63722
25, 10304, 6257, 33791
25, 16319, 9239, 48081
25, 20120, 12074, 64005
25, 10189, 6114, 32466
25, 14372, 8022, 41491
25, 18753, 10950, 57798
25, 13479, 8527, 46075
25, 11084, 6378, 33444
25, 17913, 10407, 54105
25, 14253, 7994, 41162
25, 13901, 8777, 47432
25, 15418, 9267, 48669
25, 15057, 8443, 43883
25, 10937, 6390, 33656
25, 13905, 8868, 47233
25, 10895, 6585, 35446
25, 18273, 10564, 55806
25, 17480, 10103, 52545
25, 20251, 12032, 63648
25, 11147, 6801, 36209
25, 19360, 11451, 60423
25, 18542, 10817, 56487
25, 16941, 10722, 57265
25, 15660, 9253, 48801
25, 20017, 11936, 64026
25, 14406, 9186, 49145
25, 10709, 6464, 34058
25, 10402, 6259, 33873
25, 18238, 10902, 57852
25, 20107, 11981, 64151
25, 16436, 9404, 48290
25, 10894, 6408, 33493
25, 15439, 9810, 52727
25, 15494, 8743, 44974
25, 20773, 12435, 65681
25, 16297, 10306, 55366
25, 10576, 6295, 33880
25, 15791, 8845, 46107
25, 10590, 6370, 33749
25, 15374, 9668, 51857
25, 11827, 7291, 39072
25, 12263, 7599, 41163
25, 17399, 9978, 51455
25, 20779, 12422, 65550
25, 8696, 6051, 33985
25, 20528, 12253, 65575
25, 10611, 6337, 33436
25, 16112, 10160, 54799
25, 11865, 6487, 33344
25, 20861, 12457, 65510
25, 10873, 6545, 34832
25, 16593, 9405, 48395
25, 20713, 12399, 66290
25, 10298, 6240, 33581
25, 14660, 8178, 42024
25, 18874, 11026, 57650
25, 13727, 8674, 47023
25, 11337, 6554, 34599
25, 18027, 10435, 54771
25, 12628, 7371, 38811
25, 14095, 8918, 48227
25, 14935, 9019, 47329
25, 15324, 8577, 44699
25, 11193, 6501, 34778
25, 14091, 8987, 48049
25, 9933, 5846, 30611
25, 18501, 10710, 55790
25, 17675, 10150, 52891
25, 20804, 12368, 65720
25, 11066, 6698, 35838
25, 19507, 11438, 59446
25, 18571, 10773, 56546
25, 17082, 10790, 57735
25, 15020, 8964, 47224
25, 20621, 12256, 65866
25, 14660, 9313, 50162
25, 10611, 6341, 33465
25, 10717, 6478, 34651
25, 18709, 11561, 61602
25, 20700, 12394, 66217
25, 14933, 8725, 45738
25, 21395, 12721, 67572
25, 15585, 9904, 53263
25, 15769, 8870, 45766
25, 21323, 12778, 67423
25, 16350, 10351, 56134
25, 10883, 6562, 34555
25, 16086, 9036, 46575
25, 17031, 9671, 49678
25, 15745, 9975, 53735
25, 11291, 7128, 38649
25, 12569, 7796, 41981
25, 17591, 9980, 52131
25, 21463, 12876, 67438
25, 12728, 7921, 43069
25, 20590, 12462, 66723
25, 11472, 6436, 33319
25, 15508, 9669, 51900
25, 11847, 6322, 32355
25, 21363, 12774, 67393
25, 11140, 6724, 35725
25, 16801, 9484, 49439
25, 21206, 12682, 67393
25, 10701, 6402, 34412
25, 14864, 8275, 42968
25, 19153, 11132, 57704
25, 13857, 8750, 47762
25, 11625, 6738, 35419
25, 18326, 10491, 55216
25, 12088, 7067, 37597
25, 14335, 9089, 48905
25, 14460, 8723, 46511
25, 15542, 8742, 45426
25, 11491, 6753, 35336
25, 14271, 9045, 48962
25, 11509, 6956, 37093
25, 18642, 10798, 56050
25, 17213, 9953, 52354
25, 21348, 12793, 67179
25, 11032, 6668, 35484
25, 19107, 11068, 58269
25, 18856, 10915, 56675
25, 21276, 12671, 67506
25, 14380, 8664, 46512
25, 21265, 12695, 68221
25, 14761, 9387, 50828
25, 15099, 9494, 51821
25, 11057, 6664, 35862
25, 19751, 12147, 65019
25, 21271, 12783, 67420
25, 14371, 8430, 44303
25, 21831, 13081, 69406
25, 15800, 10023, 54125
25, 15698, 8726, 44587
25, 21891, 13082, 69227
25, 16575, 10522, 56538
25, 11178, 6724, 35475
25, 16388, 9139, 47389
25, 17151, 9652, 50562
25, 15990, 10134, 54418
25, 10171, 6679, 36885
25, 12871, 7979, 43011
25, 17930, 10110, 52386
25, 21808, 13077, 69311
25, 13042, 8143, 44030
25, 19819, 12162, 65259
25, 11391, 6805, 35671
25, 15040, 9362, 50104
25, 11727, 6159, 31381
25, 21915, 13098, 69281
25, 11384, 6823, 36612
25, 17037, 9618, 50091
25, 21924, 13094, 69307
25, 11014, 6592, 35292
25, 15130, 8502, 43934
25, 19083, 10975, 57381
25, 13158, 8199, 43870
25, 11847, 6898, 36260
25, 18559, 10552, 55532
25, 11603, 6976, 36746
25, 14475, 9251, 49791
25, 12811, 7996, 42671
25, 15847, 8876, 46160
25, 11838, 6899, 36466
25, 14470, 9210, 49753
25, 11695, 7078, 38061
25, 21947, 13081, 69317
25, 16091, 9568, 49820
25, 21841, 13093, 69086
25, 11017, 6661, 35188
25, 19755, 11491, 59562
25, 19030, 10946, 57232
25, 21907, 13098, 69197
25, 14118, 8489, 45544
25, 21893, 13099, 69569
25, 14999, 9526, 51733
25, 15244, 9632, 52546
25, 11547, 7004, 36378
25, 21074, 12441, 65564
25, 21905, 13036, 69335
25, 13919, 8273, 43553
25, 22329, 13362, 70806
25, 15922, 10135, 55042
25, 16359, 9226, 47162
25, 22488, 13439, 71150
25, 16653, 10529, 57074
25, 11476, 6851, 36660
25, 15977, 9116, 47176
25, 17500, 9888, 51107
25, 16142, 10237, 55140
25, 9585, 6435, 35849
25, 13127, 8204, 43764
25, 18061, 10283, 53426
25, 22385, 13410, 71094
25, 13354, 8321, 44754
25, 19541, 12177, 65517
25, 13841, 7825, 40859
25, 14698, 9113, 48704
25, 14336, 8057, 41550
25, 22319, 13400, 70903
25, 11620, 7004, 37559
25, 17305, 9761, 50827
25, 22423, 13415, 71178
25, 11333, 6810, 36244
25, 15409, 8667, 44716
25, 19594, 11218, 58402
25, 12870, 7910, 42638
25, 12151, 7105, 37272
25, 18804, 10781, 56077
25, 11385, 6768, 36253
25, 13894, 8662, 46445
25, 13977, 8431, 44735
25, 14527, 8416, 43573
25, 12239, 7135, 37123
25, 14522, 9134, 49805
25, 11948, 7251, 38689
25, 22425, 13425, 71033
25, 15568, 9210, 48620
25, 22450, 13448, 70738
25, 15115, 9696, 52637
25, 22221, 13373, 70983
25, 21949, 13253, 70147
25, 22418, 13437, 71416
25, 13923, 8337, 44798
25, 21154, 12933, 68879
25, 15200, 9626, 52769
25, 15453, 9792, 53058
25, 11695, 7047, 37220
25, 20992, 12229, 64746
25, 22545, 13447, 70980
25, 13657, 8145, 42776
25, 22892, 13606, 73186
25, 16153, 10315, 55734
25, 16672, 9308, 47810
25, 23068, 13783, 72724
25, 16999, 10819, 58173
25, 11663, 7059, 37551
25, 14543, 8479, 44856
25, 17671, 9994, 51862
25, 16322, 10338, 55877
25, 9250, 6281, 35142
25, 13462, 8316, 44591
25, 18322, 10356, 54056
25, 22869, 13638, 72863
25, 13675, 8530, 45563
25, 19458, 12280, 65400
25, 14118, 8022, 41562
25, 14521, 8968, 47514
25, 14662, 8242, 42613
25, 22870, 13665, 72941
25, 11884, 7161, 38219
25, 17543, 9857, 51491
25, 23086, 13759, 72731
25, 23026, 13725, 72899
25, 15625, 8742, 45456
25, 18491, 10837, 56456
25, 12837, 7776, 41501
25, 12364, 7208, 38020
25, 19087, 10941, 56758
25, 15592, 8833, 45340
25, 13554, 8322, 44814
25, 13875, 8349, 44157
25, 13732, 8081, 42366
25, 12497, 7221, 37885
25, 13846, 8626, 46530
25, 12111, 7375, 39774
25, 22956, 13789, 72763
25, 15161, 9024, 48034
25, 23027, 13704, 72887
25, 15938, 10098, 54106
25, 22836, 13763, 72901
25, 22987, 13731, 72466
25, 22798, 13592, 71561
25, 13719, 8281, 44164
25, 23133, 13808, 72987
25, 15501, 9813, 53212
25, 15656, 9922, 53920
25, 12022, 7236, 38390
25, 23003, 13746, 72745
25, 23137, 13819, 72754
25, 13313, 7960, 41949
25, 23469, 14106, 75011
25, 16465, 10474, 56176
25, 16840, 9406, 48750
25, 23391, 13951, 74293
25, 16240, 10486, 57265
25, 11909, 7213, 38228
25, 14227, 8339, 43627
25, 17958, 10153, 53047
25, 16571, 10563, 56504
25, 9001, 6140, 34567
25, 13713, 8464, 45359
25, 18617, 10555, 54683
25, 23482, 14029, 74586
25, 13961, 8650, 46394
25, 19497, 12199, 65624
25, 14382, 8191, 42525
25, 14290, 8722, 46508
25, 14886, 8411, 43378
25, 23109, 13736, 72859
25, 12165, 7337, 39303
25, 17941, 10074, 52032
25, 23606, 14158, 74630
25, 23572, 14214, 74721
25, 15960, 8940, 46424
25, 17501, 10393, 54746
25, 12615, 7645, 40313
25, 12677, 7410, 39033
25, 19394, 11064, 57064
25, 15895, 8898, 46198
25, 13365, 8137, 43520
25, 13709, 8237, 43198
25, 13322, 7835, 41705
25, 12741, 7471, 38842
25, 13684, 8447, 44862
25, 12473, 7575, 40775
25, 23565, 14061, 74621
25, 14868, 8900, 46772
25, 22889, 13859, 73364
25, 16180, 10266, 54891
25, 23498, 14012, 74962
25, 23553, 14123, 74621
25, 23632, 14140, 74498
25, 13697, 8113, 43282
25, 23708, 14130, 74485
25, 15809, 10004, 53760
25, 15975, 10112, 54439
25, 12245, 7364, 39034
25, 23565, 14036, 74875
25, 23648, 14120, 74632
25, 12983, 7776, 41616
25, 24175, 14442, 76231
25, 15494, 9587, 52425
25, 15150, 8795, 46155
25, 24120, 14394, 76130
25, 16496, 10360, 55409
25, 12230, 7310, 39351
25, 13748, 8166, 43212
25, 18404, 10337, 53306
25, 16723, 10538, 57690
25, 13093, 8049, 42896
25, 13986, 8606, 46111
25, 18935, 10680, 55471
25, 24157, 14457, 76226
25, 14217, 8890, 47271
25, 24261, 14457, 76328
25, 14677, 8319, 43575
25, 12611, 8029, 43235
25, 13859, 8047, 42031
25, 20860, 12696, 67600
25, 12526, 7561, 40050
25, 18291, 10203, 52813
25, 21404, 13012, 69308
25, 24160, 14417, 76311
25, 16166, 9047, 47002
25, 16982, 10135, 53460
25, 12527, 7522, 39870
25, 13051, 7613, 39659
25, 17457, 10316, 54238
25, 16240, 9081, 46774
25, 13252, 8051, 42577
25, 12572, 7432, 38663
25, 13004, 7721, 40885
25, 13073, 7610, 39843
25, 13566, 8258, 43729
25, 12781, 7760, 41482
25, 24093, 14333, 76522
25, 13757, 8140, 42744
25, 24062, 14388, 76436
25, 16350, 10356, 55901
25, 22474, 13802, 73506
25, 24085, 14395, 76389
25, 24133, 14417, 76449
25, 13544, 8129, 42846
25, 23628, 14012, 74061
25, 15099, 9391, 50848
25, 16220, 10211, 55393
25, 12488, 7560, 39901
25, 24102, 14388, 76495
25, 24135, 14409, 76517
25, 12861, 7687, 41110
25, 24762, 14782, 78515
25, 15268, 9486, 50514
25, 14483, 8460, 44865
25, 24614, 14746, 78036
25, 16022, 9969, 53668
25, 12495, 7540, 39974
25, 13373, 7950, 42517
25, 18588, 10428, 54193
25, 17056, 10797, 57991
25, 12503, 7522, 39997
25, 14186, 8808, 47130
25, 19173, 10770, 55940
25, 24302, 14466, 76767
25, 14455, 8947, 48244
25, 23707, 13980, 73446
25, 15000, 8503, 44093
25, 14040, 8556, 45181
25, 12883, 7740, 40467
25, 20406, 12398, 65636
25, 12528, 7494, 39646
25, 18549, 10464, 53645
25, 20441, 12486, 65913
25, 24695, 14707, 78231
25, 16526, 9250, 47950
25, 16591, 9911, 52462
25, 12461, 7392, 39075
25, 13322, 7748, 40443
25, 17394, 10232, 53634
25, 16432, 9276, 47708
25, 13087, 7936, 41731
25, 13389, 8008, 42492
25, 12671, 7557, 40194
25, 13268, 7712, 40571
25, 13380, 8097, 42881
25, 13112, 7974, 42359
25, 24019, 14500, 76971
25, 14241, 8523, 46048
25, 22289, 13391, 71801
25, 16586, 10524, 56366
25, 24735, 14822, 78267
25, 24666, 14706, 78026
25, 24786, 14739, 78010
25, 12320, 7180, 37315
25, 23488, 13827, 72738
25, 14930, 9146, 48894
25, 16510, 10417, 56003
25, 12738, 7687, 41035
25, 24717, 14798, 78199
25, 24666, 14825, 78122
25, 12687, 7631, 40474
25, 25468, 15229, 79691
25, 15070, 9223, 49361
25, 14024, 8263, 43990
25, 23734, 14490, 77111
25, 15683, 9777, 52393
25, 12811, 7662, 40819
25, 13143, 7883, 41968
25, 18961, 10528, 54757
25, 17248, 10858, 58842
25, 13929, 8594, 46327
25, 14445, 8989, 48073
25, 19455, 10902, 56754
25, 23459, 14380, 76255
25, 14758, 9161, 48893
25, 25301, 15214, 79838
25, 15315, 8647, 45012
25, 13916, 8501, 44665
25, 15686, 8873, 46194
25, 19797, 12129, 63570
25, 13138, 7968, 41834
25, 16860, 9709, 50960
25, 19725, 12037, 64364
25, 25313, 15126, 79724
25, 16822, 9389, 48770
25, 16243, 9782, 51917
25, 15754, 9918, 53548
25, 13035, 7470, 38671
25, 16845, 9967, 52315
25, 16819, 9399, 48367
25, 13033, 7871, 41366
25, 13237, 7971, 41833
25, 25225, 14994, 79851
25, 12951, 7471, 38914
25, 13218, 7908, 42290
25, 13440, 8131, 43138
25, 25218, 15103, 79831
25, 14076, 8482, 45119
25, 21174, 12813, 68228
25, 16718, 10582, 57058
25, 25246, 15048, 79693
25, 25241, 15066, 80017
25, 25265, 15130, 79904
25, 13198, 7924, 41740
25, 23411, 13728, 71911
25, 14577, 8900, 47773
25, 16765, 10548, 56849
25, 12963, 7790, 41620
25, 25269, 15072, 79853
25, 23553, 14450, 77151
25, 12625, 7558, 40066
25, 25880, 15428, 81701
25, 14965, 9155, 48488
25, 13676, 8136, 43507
25, 23082, 14281, 76588
25, 15517, 9583, 51508
25, 13181, 7892, 41763
25, 12947, 7782, 41394
25, 19123, 10709, 55504
25, 17491, 11124, 59643
25, 14248, 8774, 46935
25, 14703, 9071, 48766
25, 19736, 11021, 57619
25, 22933, 14269, 76172
25, 14968, 9275, 49749
25, 25823, 15494, 81782
25, 15571, 8846, 46063
25, 13839, 8329, 43984
25, 15931, 9018, 46850
25, 19352, 11708, 62183
25, 11363, 7273, 39011
25, 16135, 9415, 49537
25, 19357, 11789, 62629
25, 25756, 15339, 81655
25, 17133, 9568, 49783
25, 15882, 9625, 51003
25, 16081, 10153, 54304
25, 12493, 7074, 36470
25, 16483, 9763, 51379
25, 17045, 9577, 49552
25, 25833, 15472, 81535
25, 13047, 7815, 41473
25, 25850, 15453, 81768
25, 12447, 7079, 36557
25, 13084, 7837, 41501
25, 13759, 8343, 44029
25, 25762, 15379, 81465
25, 13938, 8348, 44578
25, 20493, 12399, 66305
25, 17024, 10810, 57787
25, 26045, 15535, 81707
25, 25647, 15386, 81804
25, 25906, 15513, 81634
25, 13068, 7835, 41383
25, 22879, 13406, 70435
25, 14443, 8786, 46980
25, 17007, 10711, 57409
25, 13338, 8045, 42432
25, 25842, 15508, 81851
25, 23072, 14289, 76386
25, 25681, 15443, 81980
25, 25725, 15292, 80656
25, 14732, 8968, 47640
25, 13417, 8032, 42629
25, 26411, 15815, 83412
25, 15321, 9447, 50643
25, 13454, 8084, 42596
25, 20720, 13065, 70405
25, 18931, 10719, 55743
25, 17685, 11157, 60669
25, 14516, 8886, 47959
25, 14925, 9270, 49943
25, 19859, 11153, 58550
25, 22771, 14210, 76169
25, 15228, 9507, 50699
25, 26440, 15808, 83224
25, 15770, 8985, 47016
25, 13659, 8257, 43813
25, 16209, 9157, 47785
25, 18944, 11515, 61072
25, 10658, 6970, 37829
25, 15622, 9130, 48478
25, 18870, 11480, 61221
25, 26414, 15780, 83288
25, 17301, 9713, 50684
25, 15767, 9493, 50281
25, 16226, 10172, 55015
25, 12278, 6866, 34904
25, 16159, 9668, 50567
25, 17327, 9712, 50116
25, 26342, 15646, 83359
25, 20134, 11395, 59204
25, 25208, 14928, 78283
25, 13858, 8203, 43086
25, 16539, 10394, 56297
25, 13966, 8433, 45089
25, 26354, 15779, 83597
25, 13877, 8278, 44322
25, 19982, 12202, 64799
25, 17243, 10914, 58966
25, 26299, 15701, 83514
25, 26376, 15753, 83524
25, 26372, 15762, 83346
25, 19156, 12183, 65675
25, 21398, 12793, 67975
25, 14251, 8577, 46066
25, 17236, 10810, 58494
25, 13583, 8159, 43639
25, 26376, 15743, 83504
25, 22851, 14287, 76084
25, 25517, 15099, 79237
25, 25533, 15066, 79266
25, 14589, 8863, 46927
25, 18582, 10391, 53838
25, 26941, 16071, 85195
25, 15290, 9301, 49608
25, 11503, 7247, 39499
25, 20467, 12902, 69574
25, 19682, 11106, 57290
25, 17920, 11392, 61308
25, 14801, 9078, 48745
25, 15247, 9401, 50945
25, 20212, 11325, 59288
25, 26926, 16166, 85139
25, 15544, 9661, 51427
25, 27000, 16063, 85110
25, 15959, 9109, 47987
25, 13496, 8107, 43401
25, 16525, 9340, 48419
25, 18578, 11250, 59756
25, 10197, 6739, 37123
25, 15238, 9050, 47636
25, 18644, 11385, 60126
25, 26087, 15796, 83361
25, 17640, 9893, 51471
25, 15583, 9334, 49648
25, 16505, 10312, 56066
25, 14364, 8432, 44144
25, 15910, 9485, 49906
25, 17521, 9869, 51283
25, 26865, 16099, 85231
25, 20666, 11615, 59874
25, 26990, 16127, 85627
25, 14430, 8350, 43939
25, 16749, 10442, 56959
25, 14228, 8641, 45897
25, 26947, 16184, 85421
25, 13840, 8309, 43505
25, 19519, 11925, 63077
25, 17544, 11123, 59477
25, 26951, 16111, 85414
25, 26936, 16108, 85411
25, 27008, 16126, 85153
25, 19409, 12280, 66387
25, 20877, 12591, 65723
25, 14092, 8456, 45229
25, 17348, 10977, 59291
25, 26495, 15745, 82486
25, 27044, 16162, 85493
25, 22440, 14000, 74934
25, 26916, 16182, 85373
25, 27379, 16407, 86920
25, 14503, 8793, 46531
25, 18937, 10532, 54756
25, 27515, 16456, 87257
25, 15142, 9191, 48838
25, 14006, 8411, 44572
25, 20992, 13338, 71853
25, 19927, 11166, 57977
25, 17343, 10845, 58514
25, 15199, 9230, 49512
25, 14513, 8924, 47579
25, 18770, 10810, 56613
25, 27420, 16424, 87126
25, 15798, 9793, 52333
25, 27429, 16354, 87056
25, 16327, 9255, 48830
25, 22489, 12820, 66739
25, 16865, 9468, 49255
25, 18267, 11130, 59033
25, 9832, 6615, 36317
25, 14982, 8907, 47112
25, 18296, 11166, 59291
25, 27599, 16476, 87141
25, 17898, 10046, 52592
25, 15533, 9302, 49307
25, 16797, 10420, 56748
25, 14564, 8502, 45166
25, 15698, 9354, 49439
25, 17754, 9994, 52275
25, 25393, 15559, 83253
25, 20916, 11793, 60574
25, 27593, 16510, 86869
25, 14713, 8586, 44769
25, 17040, 10705, 58014
25, 13534, 8089, 42946
25, 27497, 16457, 87078
25, 20473, 12976, 69502
25, 19308, 11698, 62276
25, 17900, 11255, 60133
25, 27474, 16374, 87143
25, 27548, 16431, 86944
25, 27429, 16454, 87104
25, 19587, 12384, 66929
25, 20227, 12191, 64442
25, 14041, 8444, 44788
25, 17605, 11095, 60152
25, 26206, 15502, 80677
25, 27541, 16461, 86908
25, 21542, 13347, 71035
25, 27523, 16414, 87215
25, 28001, 16738, 88977
25, 14338, 8612, 45754
25, 19176, 10693, 55443
25, 28096, 16866, 88876
25, 15132, 9111, 48451
25, 14184, 8496, 45246
25, 20674, 12992, 69712
25, 20134, 11302, 58997
25, 15771, 9579, 51293
25, 15362, 9411, 50293
25, 13190, 7782, 40944
25, 16026, 9731, 51688
25, 27817, 16664, 88629
25, 16078, 9951, 53293
25, 28068, 16857, 88728
25, 16585, 9513, 49686
25, 22691, 12891, 67363
25, 17135, 9768, 50077
25, 18010, 10946, 57973
25, 14315, 8641, 46579
25, 19946, 11247, 58423
25, 18100, 11066, 58541
25, 27124, 16410, 87176
25, 18122, 10177, 53366
25, 15391, 9187, 48632
25, 17098, 10666, 57604
25, 14855, 8751, 46136
25, 15449, 9226, 48954
25, 17984, 10146, 52979
25, 26494, 16036, 86049
25, 21153, 11933, 61720
25, 28016, 16795, 88846
25, 14995, 8768, 45881
25, 15855, 10245, 56014
25, 26761, 15803, 83250
25, 28002, 16743, 88920
25, 20606, 13070, 70643
25, 18936, 11543, 61094
25, 18094, 11328, 61122
25, 27965, 16811, 89056
25, 28116, 16735, 88840
25, 28071, 16744, 88825
25, 19797, 12522, 68055
25, 19843, 11966, 63710
25, 27995, 16790, 88645
25, 17835, 11196, 60973
25, 25823, 15042, 78964
25, 28045, 16722, 88895
25, 20404, 12572, 66834
25, 28174, 16779, 88671
